1 0.49324882968750006 0.48172222187499997 0.49311622499999996 0.48172222187499997 0.49311622499999996 0.4817514625 0.49324882968750006 0.4817514625 0.49324882968750006 0.48172222187499997
2 0.489703978125 0.47220467812500005 0.48465717656249996 0.4739769 0.48140483593749994 0.47893918125 0.4802831515625 0.4825558484375 0.48084399375000003 0.48625672499999995 0.48532995312500005 0.48945263125 0.4957605296875 0.4929850875 0.5033868953125 0.4920599421875 0.5064149765625 0.4886956140625 0.5092187984375001 0.4846584796875 0.508658346875 0.479780409375 0.50439625625 0.475238596875 0.49598478906250004 0.47187426875 0.489703978125 0.47220467812500005
2 0.5482051484375 0.4725286546875 0.548765990625 0.47329999999999994 0.5447285484375 0.47412660781250004 0.5422609203125 0.47521988281249994 0.5379992203125 0.47892076093749997 0.5387843218749999 0.48489239843750004 0.5406907171875 0.48733157968749996 0.549999609375 0.48968654999999994 0.55291575625 0.4910321640625 0.5593085015625 0.48960233906250006 0.5651404062500001 0.482453215625 0.5636825265625001 0.47471520468749995 0.557625975 0.47034181249999996 0.5508970359375 0.46992105312500004 0.548765990625 0.4710146203125 0.5482051484375 0.4725286546875
2 0.6559184874999999 0.541662865625 0.663284321875 0.546696784375 0.6706053046875 0.5483035093749999 0.6782831515625001 0.5456254390625 0.6829258968749999 0.540938596875 0.6864972703125 0.5303599421875 0.6816758968750001 0.524869590625 0.67096216875 0.52245935625 0.66703393125 0.524735671875 0.66703393125 0.52861900625 0.6647125578125 0.527949415625 0.663284321875 0.527815496875 0.658284321875 0.5296903515625 0.6577488296875 0.53410935625 0.658641575 0.5398672515625 0.6559184874999999 0.541662865625
2 0.435751559375 0.56789444375 0.43483814374999996 0.5728675437499999 0.43910140468750003 0.5769783625 0.4459535875 0.579604678125 0.45539391562500003 0.58017573125 0.46483463281250004 0.576864328125 0.46544344843749996 0.57172573125 0.4628549140625 0.5672722218749999 0.46102769062500004 0.566815496875 0.4611801875 0.56327573125 0.4581349453125 0.5623619890625 0.45554641250000005 0.560306725 0.44610569375000003 0.5605350875 0.4515873640625 0.56464590625 0.4515873640625 0.565902046875 0.44884633437500004 0.566130409375 0.44306045312500003 0.5672722218749999 0.4395581125 0.569556140625 0.435751559375 0.56789444375
2 0.4633120125 0.582802046875 0.4560031203125 0.580975146875 0.448542121875 0.5807467843749999 0.441842434375 0.581888596875 0.43773088906249996 0.585771053125 0.4435171609375 0.599473684375 0.45128276093749997 0.6021 0.4605709828125 0.6008438593750001 0.46574805 0.59798918125 0.46711856406249996 0.593992690625 0.46711856406249996 0.58862573125 0.4668139625 0.585085965625 0.4633120125 0.582802046875
2 0.606143525 0.5690880109374999 0.611177846875 0.5695242687500001 0.617386115625 0.5677076015625 0.6219286265624999 0.56566345 0.62465405625 0.559872221875 0.622685646875 0.551696490625 0.6170834640625 0.5487441515625 0.6131462562500001 0.547608771875 0.6049699687500001 0.54953918125 0.597702028125 0.5524915203125 0.5936134953125001 0.5563523390625 0.59452223125 0.5610078953125 0.5999730890625 0.5612350875 0.6031528859375 0.562143275 0.606029640625 0.56577719375 0.606143525 0.5690880109374999
2 0.3396205140625 0.6038862578125 0.3346185640625 0.6093611109375 0.3336782375 0.61741754375 0.3322012484375 0.619028946875 0.3281723875 0.6168131578125 0.32723245 0.6199350875 0.3301868171875 0.62144590625 0.3366326046875 0.6230570171875 0.33985569375 0.6226543859375 0.3479130265625 0.62396345 0.3505986734375 0.6246684203124999 0.355835803125 0.622352046875 0.3601329953125 0.6177195906249999 0.3612074890625 0.6139935671875 0.36053588125 0.6099652046874999 0.35758151250000003 0.606843275 0.352344384375 0.6031172515625001 0.34965873593749996 0.6033187140625 0.3561045234375 0.608253215625 0.35315015625 0.6100657890625001 0.34925585 0.610670175 0.3396205140625 0.6038862578125
2 0.44028237187499997 0.6974543859375 0.4366271453125 0.6999687140625 0.43486427499999997 0.7086780703125 0.436420046875 0.715054678125 0.4402566296875 0.7187874265625 0.4471006234375 0.7207315796875 0.452700078125 0.7201871343749999 0.4597511703125 0.716765496875 0.462239859375 0.7135771937500001 0.462239859375 0.7065786546874999 0.459440328125 0.7009017546874999 0.4518705140625 0.6968578953125 0.444611934375 0.6963137421875001 0.44028237187499997 0.6974543859375
2 0.5344894703125 0.686618128125 0.5284750390624999 0.687318128125 0.523497659375 0.689339765625 0.5198685640625 0.6967274859375 0.5201794078125 0.7018599421875 0.5216310453124999 0.7045038015625 0.5260900937499999 0.7062146203124999 0.5299266765625 0.709325146875 0.5393631046875 0.7086254390625 0.545895865625 0.7049704671875 0.5482808109375 0.7005380109375 0.5502511703125 0.6956388890625 0.5502511703125 0.694627778125 0.5461033546875 0.6894175437500001 0.5409184875 0.6869292390624999 0.5344894703125 0.686618128125
2 0.5289418875 0.6865707609375 0.5346969578125 0.6820301171875001 0.5379114671874999 0.67658655 0.537081903125 0.6727760234375 0.5317932921875 0.666943859375 0.5230830734375 0.6636 0.5150982843749999 0.66461081875 0.5097063187499999 0.6710652046875001 0.507113884375 0.6745646203125 0.5091879875 0.68171900625 0.51178003125 0.6867736843750001 0.5173798749999999 0.689339765625 0.5216310453124999 0.6898064328125 0.5289418875 0.6865707609375
2 0.6049169265625001 0.659375146875 0.6114726984375001 0.6558564328125 0.6151825265624999 0.6509140343750001 0.6150811234375 0.6462646203125 0.6135565515625 0.6431394734375 0.6106088140625 0.639252046875 0.6053233234375 0.6374225140625 0.5960741031250001 0.6374225140625 0.5899758187499999 0.6416149124999999 0.5861134953125 0.6461119890625 0.5874344781249999 0.6490847953125 0.58814625625 0.6534295328125 0.5936345546874999 0.6576982453125 0.6049169265625001 0.659375146875
2 0.7096060843750001 0.57581754375 0.707589703125 0.5828523390625 0.707589703125 0.5887233921874999 0.7117414203125 0.593260234375 0.720993759375 0.5957511703125 0.7273993765625 0.5942388890625 0.734279640625 0.590769590625 0.73558424375 0.5861435671875 0.7361774578125 0.5827631578125 0.732856084375 0.576803215625 0.7303650546875 0.573333625 0.722061621875 0.5711096484375 0.716130265625 0.57226608125 0.712690328125 0.5732447374999999 0.7096060843750001 0.57581754375
0 0.661807721875 0.5071666671874999 0.6566212953125 0.510500584375 0.6581029640625 0.515056725 0.6650678625 0.5135008765625 0.673070203125 0.5111672515625 0.67573751875 0.5043883046875 0.6706989078125 0.505833040625 0.666401715625 0.5067219296875 0.66328978125 0.5081666671875 0.661807721875 0.5071666671874999
0 0.6449145859375001 0.5319403515625 0.6403205921875 0.5307178359375 0.6327632609375 0.5356076015625 0.628762090625 0.5391637421875 0.6308365828125 0.54238655 0.634689546875 0.5440535093750001 0.642987909375 0.5422754390625 0.6449145859375001 0.5319403515625
0 0.6440253515625 0.5531578953125 0.626984009375 0.5416002921875 0.6216489859375 0.5451564328125 0.6191298749999999 0.549157309375 0.6246127140625 0.5540470765625 0.626835803125 0.5547137421875 0.6323186421875 0.5584921046875 0.6412098281249999 0.557269590625 0.6440253515625 0.5531578953125
0 0.64417355625 0.5601590640625 0.6412468796875 0.557511403125 0.6257983625 0.5603812859375 0.6232792515625001 0.5630485375000001 0.6255019500000001 0.567604678125 0.628465678125 0.5670491234374999 0.6308365828125 0.565715496875 0.63335569375 0.56638245625 0.6372086578125 0.5642707609375 0.6394313578124999 0.5617149125 0.6432843218750001 0.562492690625 0.64417355625 0.5601590640625
0 0.6598814359375 0.5671561406250001 0.6488412640625 0.56723245625 0.6376532765625 0.570156725 0.6372086578125 0.5728236843750001 0.6440253515625 0.5739350875 0.64609984375 0.575602046875 0.6484711390625 0.577935671875 0.65217550625 0.578046784375 0.655435646875 0.57726900625 0.6583993765625 0.57204590625 0.661659515625 0.5681564328125 0.6598814359375 0.5671561406250001
0 0.7315503125 0.5745657890625 0.7370815125 0.575870175 0.7396844781249999 0.5729421046875001 0.743288221875 0.5636327484375 0.7384828390625 0.5640081875 0.7297734015625 0.5636327484375 0.7223654453125 0.5624315796875 0.7182609203125 0.562581871875 0.71735959375 0.5674616953125 0.717760140625 0.569714034375 0.7200627921875 0.5706149125 0.730574103125 0.5730923984375 0.7315503125 0.5745657890625
0 0.686375584375 0.5750350875 0.700841653125 0.570539765625 0.6978385328125001 0.5571011703125001 0.6854247265625 0.5599540937499999 0.6842234796875 0.562356725 0.68121996875 0.5641584796875 0.6814204375 0.5655096484375 0.6823213734375 0.5717409359375 0.684523790625 0.5729421046875001 0.6838229328125001 0.5739932750000001 0.686375584375 0.5750350875
0 0.6545522625 0.655056140625 0.652194228125 0.6605578953125 0.6554691890625 0.662621053125 0.6596614671875 0.66085263125 0.661626365625 0.656529825 0.663722309375 0.6556456140625 0.6631985171875 0.6494564328125 0.6628053828125 0.64837573125 0.6596614671875 0.6512245609375 0.6557312796875 0.6528947375 0.6545522625 0.655056140625
0 0.6525542125 0.647623684375 0.6570413421875 0.6371760234375 0.6439411078124999 0.63530935625 0.6363428234375 0.6433652046875 0.640403665625 0.6445441515625 0.6525542125 0.647623684375
0 0.6157753515625 0.6428739765625 0.6191813578125 0.6308883046875 0.612500390625 0.6286286546875 0.6128931359374999 0.6273517546875 0.6058190328124999 0.626271053125 0.60699805 0.6290216375 0.6055569421875 0.6310847953125001 0.6018888453125 0.6318707609375 0.6017578 0.637077778125 0.609880265625 0.63894444375 0.6142031984375 0.6423827484375 0.6157753515625 0.6428739765625
0 0.5881992984375 0.60772426875 0.5982207484375001 0.6015704671875 0.59704173125 0.59960555625 0.587085803125 0.5937111109375001 0.582893525 0.5957739765625 0.585775740625 0.599802046875 0.585775740625 0.60294590625 0.5851205140625 0.60491081875 0.5881992984375 0.60772426875
0 0.4745542125 0.5054590640625001 0.483265990625 0.496333625 0.4813007015625 0.492993275 0.47461973437499994 0.491814328125 0.4708205921875 0.4937792390625 0.463746490625 0.4950564328125 0.461912246875 0.4982985375 0.465187596875 0.50448771875 0.47029641250000004 0.507238596875 0.4745542125 0.5054590640625001
0 0.49453198125000003 0.5006561406250001 0.5009512484374999 0.502326315625 0.5034403281250001 0.49878976562500005 0.5044883 0.49034064375 0.49924805 0.4928950296875 0.4924360375 0.4928950296875 0.49453198125000003 0.5006561406250001
0 0.5338330734375 0.499075146875 0.5427410296875 0.5042912281249999 0.5494223875 0.5007543859375 0.5561033546874999 0.49574415156249996 0.5549243374999999 0.4916178359375 0.5485054609375 0.49397573125000005 0.537370125 0.49564590624999993 0.5338330734375 0.499075146875
0 0.5627847109374999 0.49348450312500003 0.557282371875 0.4950564328125 0.5427410296875 0.503603509375 0.5458853359375 0.5086140343750001 0.5495534328125 0.513427778125 0.559247659375 0.510578946875 0.5655354921875 0.5067473687499999 0.569989859375 0.500361403125 0.5627847109374999 0.49348450312500003
0 0.5643564750000001 0.5182418125 0.5637016375 0.509596490625 0.5492913421875001 0.5140172515625 0.548636115625 0.526199415625 0.556627534375 0.5250204671875001 0.5635705921875 0.523743275 0.5643564750000001 0.5182418125
0 0.5702519500000001 0.5130347953125 0.564782371875 0.5095105265625001 0.5646185640625 0.5102842109375 0.56448751875 0.5142137421874999 0.566583853125 0.5164733921875 0.571561621875 0.51755409375 0.5758849453125 0.519027778125 0.583352184375 0.5186347953125 0.584138065625 0.515785671875 0.583875975 0.5126418125 0.5808631046875 0.5114631578125 0.5765397812499999 0.5109719296875 0.5702519500000001 0.5130347953125
0 0.57627808125 0.5186347953125 0.5730027296875 0.5205997078125 0.5744438374999999 0.5282625734375 0.57365795625 0.532487134375 0.5791599062499999 0.5321923984375 0.5858412640624999 0.529343275 0.5866271453125 0.5227611109375 0.58440015625 0.5205014625 0.58440015625 0.51853655 0.57627808125 0.5186347953125
0 0.5637016375 0.5263885968750001 0.559902496875 0.5252096484375001 0.5471953984375 0.5261921046875 0.544968409375 0.535230409375 0.5448373640625 0.5396514625 0.5580686421875 0.539847953125 0.561998440625 0.5373918125 0.5637016375 0.5263885968750001
0 0.5664528078125 0.5382760234374999 0.562653665625 0.537869590625 0.5585924343750001 0.5402409359375 0.5466712171875 0.54004444375 0.5401212953125001 0.5453497078125 0.54025195 0.5468233921875 0.5500772234375 0.553602046875 0.562653665625 0.548002046875 0.5669765984375 0.5414198828125001 0.5664528078125 0.5382760234374999
0 0.56841770625 0.5551666671875 0.5608194234375 0.5548719296875 0.559902496875 0.5507456140625 0.5515183312499999 0.554970175 0.5523042125 0.5566403515625 0.553876365625 0.5582119890625 0.553090484375 0.5618470765625 0.553876365625 0.5659733921875 0.554662246875 0.569510234375 0.562391575 0.5708853796875 0.562391575 0.5689207609375 0.5663217625 0.564106725 0.56841770625 0.563615496875 0.5706446953125 0.5569350875 0.56841770625 0.5551666671875
0 0.5385491421874999 0.5457353796875 0.53684594375 0.5450476609375 0.5291170046875 0.5482894734375 0.5334399375000001 0.5613558484375 0.54627808125 0.5613558484375 0.551780421875 0.559292690625 0.553876365625 0.557426315625 0.5385491421874999 0.5457353796875
0 0.547064353125 0.5277605265624999 0.538909515625 0.5300125734375001 0.5293787046875 0.5311005843750001 0.522435646875 0.5343426906250001 0.5246626359375 0.5390584796875 0.5293787046875 0.5408266078125 0.5395971140625 0.54043391875 0.543658346875 0.5379777781249999 0.547064353125 0.5277605265624999
0 0.519815521875 0.5324760234375 0.5168026515624999 0.5298233921875 0.509466459375 0.5310023390625 0.5055362718749999 0.5319847953125 0.5035713734375 0.533065496875 0.5054052265625 0.543872221875 0.5150994546875001 0.5425950296875001 0.5208634953125 0.539647953125 0.5186365046875 0.5344409359375 0.519815521875 0.5324760234375
0 0.5097613109375 0.5295216375 0.5116934484375 0.5264833328125 0.50999025 0.5240271937500001 0.502654446875 0.5249114031250001 0.502654446875 0.521571053125 0.50396411875 0.5177394734375 0.5027851015625 0.5154801171875001 0.49754524218749996 0.516757309375 0.4924360375 0.5206868421874999 0.4894227765625 0.5250096484375 0.49662831562500004 0.5285464906249999 0.502654446875 0.5329672515625 0.5097613109375 0.5295216375
0 0.4907656 0.5182268999999999 0.5056673171875 0.5143084796874999 0.49584204375 0.50487719375 0.4854929796875 0.512933040625 0.4907656 0.5182268999999999
0 0.5390729328125 0.6139853796875 0.5253178625 0.616943275 0.5251868171875 0.62156081875 0.52872386875 0.628535965625 0.5423482843749999 0.62706228125 0.5390729328125 0.6139853796875
0 0.47488182500000004 0.5757903515625 0.4680039 0.576664328125 0.468593603125 0.5823725140625 0.47121372812500006 0.585516375 0.485361934375 0.5875795328125 0.49584204375 0.5870883046875 0.4964972703125 0.5856146203125 0.488243759375 0.5770675437499999 0.48116965624999997 0.57372719375 0.478549921875 0.5783447374999999 0.47488182500000004 0.5757903515625
0 0.5690729328125 0.657404678125 0.5700226203125001 0.6640745609375001 0.5794219968750001 0.6599590640625 0.5787671609375 0.6576011703125 0.57522971875 0.6557347953125 0.5669765984375 0.653180409375 0.5690729328125 0.657404678125
0 0.5412020281250001 0.678192690625 0.53946606875 0.6802918124999999 0.54208619375 0.6821584796875 0.5509945390625 0.678916375 0.5574134171875 0.6782286546875 0.564749609375 0.6746918125 0.5638326828125 0.671941228125 0.5614746484375 0.67076228125 0.5580686421875 0.6708605265625 0.5557106078125 0.6700745609375 0.5540074109375 0.6698780703125 0.549160296875 0.66516228125 0.5423482843749999 0.6654570171875 0.5440510921875 0.6623131578125 0.5406450859375 0.6615274859375 0.5314750390625 0.6659482453125001 0.5339641187499999 0.6688956140625 0.5369769890625 0.6728254390624999 0.53815600625 0.6752812859375 0.5412020281250001 0.678192690625
0 0.5500444625 0.6986950296875001 0.5549243374999999 0.7037646203125 0.5693346328125 0.6956105265625 0.562391575 0.688929825 0.5500772234375 0.6961017546875 0.5500444625 0.6986950296875001
0 0.5420206703125 0.71907426875 0.539728159375 0.7237078953125 0.5321298750000001 0.731076315625 0.53291575625 0.7334339187500001 0.5375011703125 0.735300584375 0.5388112328125 0.7381497078125 0.5458853359375 0.7366760234374999 0.554662246875 0.7363812859375 0.5593787046875 0.727146490625 0.5544005453125 0.72695 0.551256240625 0.7260657890625 0.5500772234375 0.72262719375 0.5420206703125 0.71907426875
0 0.49060218437499997 0.666529825 0.485361934375 0.6680152046875001 0.486147815625 0.671158771875 0.4854929796875 0.6734184203125 0.49060218437499997 0.6786254390625001 0.49296021874999996 0.6792149125 0.4959730890625 0.677741228125 0.49348400937500003 0.6694885968750001 0.49060218437499997 0.666529825
0 0.445083853125 0.681412865625 0.46050779999999997 0.6804488296875 0.464363884375 0.6803283625 0.46323947031249996 0.672616959375 0.46147191875000004 0.6750269 0.4572948515625 0.671773684375 0.45488455468750005 0.6700868421874999 0.4442808109375 0.6728578953125 0.445083853125 0.681412865625
0 0.44315600625 0.671653215625 0.44785569374999995 0.6693532156249999 0.44347737968749995 0.65876081875 0.44026404062499996 0.65948391875 0.4348014828125 0.6588812859375001 0.42821411875 0.66105 0.4336766765625 0.674665496875 0.44315600625 0.671653215625
0 0.4452445390625 0.6813985375 0.4425132609375 0.6818947375 0.439299921875 0.6887625734375 0.4558486734375 0.6908108187499999 0.46002613124999997 0.6834611109375001 0.4577765203125 0.681412865625 0.4452445390625 0.6813985375
0 0.43482332343749996 0.7203394734375 0.42303003125 0.727696784375 0.4316926671875 0.7359146203125 0.4439032765625 0.7280880109375001 0.4362847109375 0.72057426875 0.43482332343749996 0.7203394734375
0 0.4067753515625 0.710683040625 0.41301092031250003 0.71008655 0.41499414999999995 0.7155652046875 0.421882215625 0.7114172515625 0.43158814375 0.6986596484375001 0.4215690328125 0.6996768999999999 0.4180206703125 0.6981900578125 0.4123849453125 0.7064862578125 0.40695787812499995 0.708756140625 0.4067753515625 0.710683040625
0 0.42751794062500004 0.68731081875 0.4215167703125 0.6865254390625 0.41958619375 0.68926754375 0.41739430625 0.6979552625000001 0.42167355625 0.6991292390625 0.430440328125 0.6985029234375 0.4392067078125 0.6952157890625 0.43826755000000006 0.686919590625 0.43618018750000004 0.6851192984375001 0.42751794062500004 0.68731081875
0 0.3989477375 0.682026315625 0.41470709843750003 0.6836792390624999 0.4188814359375 0.6751482453125 0.4020787828125 0.6746786546875 0.3989477375 0.682026315625
0 0.3970690328125 0.6810181281250001 0.3891372859375 0.6839923984375 0.3911205140625 0.6958888890625 0.40020007812499997 0.6947149125000001 0.4010351015625 0.6843836249999999 0.3970690328125 0.6810181281250001
0 0.3902070984375 0.6822219296875 0.38903315156249996 0.6796093562500001 0.3855889234375 0.679218128125 0.3720214515625 0.685714328125 0.376822153125 0.694245321875 0.38871996875 0.6907233921875 0.3885113109375 0.685714328125 0.3902070984375 0.6822219296875
0 0.4291567859375 0.5128362578125001 0.44591224687500003 0.5094093562500001 0.443953978125 0.5072880109375 0.43492316718749996 0.5046769 0.4291567859375 0.506553509375 0.42632800312499997 0.5084304093750001 0.4291567859375 0.5128362578125001
0 0.35212441562499996 0.5355134500000001 0.368553821875 0.53657426875 0.370512090625 0.52710935625 0.359414196875 0.52368245625 0.3533213734375 0.5302915203125 0.35212441562499996 0.5355134500000001
0 0.338388065625 0.5994181281250001 0.3477453203125 0.5949304093750001 0.344372465625 0.5858733921875 0.3414348671875 0.5848125734375 0.339149765625 0.5879947375000001 0.33414508593750003 0.5881581875 0.32979290156249996 0.5886476609375 0.331533540625 0.592972221875 0.338388065625 0.5994181281250001
0 0.3686353359375 0.6189192984375 0.369288221875 0.6219380109375 0.368961778125 0.6237333328125 0.37070241875 0.6237333328125 0.37320514843749997 0.6229172515625 0.37820982812500004 0.620469590625 0.385064353125 0.612962865625 0.386152496875 0.610596490625 0.3870230109375 0.6071695906250001 0.3851731671875 0.6057008765624999 0.3818003125 0.604966375 0.378536271875 0.6089646203125 0.37026755 0.606924853125 0.3641743375 0.6106780703125 0.3686353359375 0.6189192984375
0 0.3737492203125 0.6235786546875 0.3770132609375 0.62830263125 0.38223556875 0.631892690625 0.3975768328125 0.6270786546875 0.3977944625 0.625283625 0.4002968015625 0.6237333328125 0.4033432140625 0.6221014625 0.4044313578125 0.6207143281249999 0.4046489859375 0.6176137421875 0.4022554609375 0.6154921046874999 0.3985561625 0.61418655 0.393442278125 0.6119020468749999 0.3899606078125 0.6100254390625001 0.3872406390625 0.6079853796875 0.385608425 0.6136154968749999 0.3848471140625 0.61524736875 0.3737492203125 0.6235786546875
0 0.3514446171875 0.63661900625 0.351335803125 0.639393275 0.346439546875 0.640780409375 0.3401290953125 0.6504900578125 0.3534028859375 0.6548146203125 0.35862558437500003 0.6521219296874999 0.36069266718750004 0.643554678125 0.3569933703125 0.6394748531250001 0.3514446171875 0.63661900625
3 0.5122308890625 0.46641695937499994 0.5106743375 0.470078946875 0.5092211390625 0.48696871406250003 0.5125425109374999 0.49296169531249995 0.5171088140625 0.49265029218749995 0.516278471875 0.488914328125 0.5169013265625 0.48642368437499994 0.5230245703125 0.48580117031250003 0.5264496875 0.47973011718749997 0.5228170828125001 0.4740485375 0.5122308890625 0.46641695937499994
3 0.52925195 0.4826070171875 0.5231025734375 0.4864529234375 0.517627925 0.4864207609375 0.5166938375 0.48821111093749997 0.51845826875 0.493737134375 0.5209489078125 0.49700614062500004 0.527902496875 0.49832923906250004 0.534752340625 0.495293859375 0.5374508578125 0.4939707609375 0.5515659125 0.49186900624999996 0.5522925109375 0.4907017546875 0.5394227765624999 0.48688801093749995 0.5324691890625 0.48579824531250004 0.52925195 0.4826070171875
3 0.51845826875 0.5148988296875 0.5209489078125 0.5125637421875 0.51845826875 0.5100731 0.5042394703124999 0.510618128125 0.5037207484375 0.5229154968749999 0.5093248828125 0.523071053125 0.5110893140625 0.523460234375 0.51845826875 0.5148988296875
3 0.5219348671875 0.5153394734375001 0.5190807328125 0.5162219296874999 0.5115046796875 0.52392719375 0.5125425109374999 0.5255616953125 0.5180429015625 0.5313213453125 0.5254118562500001 0.5324888890625 0.5316388453124999 0.5276631578125001 0.5312238687499999 0.524083040625 0.52842160625 0.5193350875 0.52333619375 0.51567719375 0.5219348671875 0.5153394734375001
3 0.4897094390625 0.52143655 0.48991692656249997 0.5189461984375 0.4820292515625 0.5129529234375 0.47984984375 0.509216959375 0.47590600624999996 0.51124064375 0.4677067078125 0.5168447375 0.48088767499999996 0.527741228125 0.4897094390625 0.52143655
3 0.47341497656250003 0.506585965625 0.4878412640625 0.5105400578125 0.49427613125000003 0.5048584796875 0.4938607640625 0.500966959375 0.4848315125 0.49606345 0.47341497656250003 0.506585965625
3 0.46498245000000005 0.5209807015625 0.455382215625 0.5286704671875 0.4628549140625 0.5344301171875 0.466175896875 0.5362982453125 0.4727145078125 0.5347415203125 0.47613962499999996 0.5355976609375 0.4780078 0.531706140625 0.47613962499999996 0.5305385968749999 0.47904563125 0.528047953125 0.4725070203125 0.5225219296875 0.46897815937500004 0.5202646203125 0.46498245000000005 0.5209807015625
3 0.515578003125 0.5423780703125 0.51646021875 0.5476801171875 0.529122075 0.5476801171875 0.5413689546875 0.5426988296874999 0.5405386109375 0.5410643281249999 0.5275655218749999 0.5412201750000001 0.5229988296875 0.5378733921875 0.515578003125 0.5423780703125
3 0.5282917312500001 0.5481470765625 0.51739430625 0.5479915203125 0.51365795625 0.551104678125 0.5171868171875 0.5591213453125 0.532339703125 0.5597441515625 0.5282917312500001 0.5481470765625
3 0.5509949296875 0.5620935671875 0.5335588921875 0.5620157890625 0.5316907171875 0.5601476609375 0.518510140625 0.5596029234375 0.5168494546875 0.5618599421875 0.5171606859375 0.57158918125 0.5183026515625 0.5738461984375001 0.5250487515625 0.573223684375 0.5270206703125 0.5718225140625 0.530341653125 0.5726008765625 0.5353233234375 0.5705771937499999 0.5391634171875 0.572056140625 0.5521365046875 0.5726786546875 0.5509949296875 0.5620935671875
3 0.5887211390625 0.53728771875 0.5847773015625 0.5351084796875 0.578342434375 0.5360423984375 0.572530421875 0.5411017546875 0.56422776875 0.5474061406249999 0.5723229328125 0.556356725 0.58052223125 0.5509084796875 0.5887211390625 0.53728771875
3 0.6661294859375 0.5590900578125 0.6815651328125 0.5636105265625 0.6848592046875 0.5615400578124999 0.684750390625 0.5584368421875 0.6867102187499999 0.5554152046875 0.6877991421874999 0.5525570171874999 0.6889968796875 0.548228946875 0.678870125 0.5456157890625 0.6708120125 0.54814736875 0.6661294859375 0.5590900578125
3 0.6627539 0.5746058484375001 0.653715678125 0.5790157890625001 0.6638428234375 0.5868552625000001 0.6674360375 0.5854669593749999 0.6702675499999999 0.5817105265625 0.666891575 0.5746058484375001 0.6627539 0.5746058484375001
0 0.6800678625 0.573135965625 0.6680897031249999 0.5742792390625 0.671574103125 0.582608771875 0.6690694234375 0.5869371343750001 0.6824633390625 0.5857119890625 0.6864925890625 0.58097573125 0.6800678625 0.573135965625
3 0.651495709375 0.6047078953125 0.6438237124999999 0.6021576015625 0.6435928234375 0.6140976609375 0.641437596875 0.6158678359375 0.6476981281249999 0.6167146203125 0.64954563125 0.613481871875 0.651495709375 0.6047078953125
3 0.6036692671874999 0.598008771875 0.5993588140624999 0.600856725 0.589403665625 0.6072447375000001 0.5909430578125 0.6093231 0.593098284375 0.615480409375 0.6010011703125 0.61270935625 0.611264040625 0.6090921046875 0.6036692671874999 0.598008771875
3 0.5733931359375 0.606677778125 0.568671996875 0.6108216375 0.5693907953124999 0.6147467843750001 0.5704169265625 0.616824853125 0.5788326828125 0.6185181281250001 0.5843748046874999 0.61405409375 0.5850932140625 0.6108985375 0.582322153125 0.6068192984375 0.583348284375 0.6120529234375 0.58160374375 0.6135154968750001 0.578627534375 0.6110523390625 0.5771907171875 0.6134383046874999 0.5752406390625 0.6120529234375 0.574829953125 0.6095131578124999 0.5763693453125 0.60897426875 0.5733931359375 0.606677778125
3 0.6732788609375 0.6340029234375 0.6708159125 0.637235671875 0.6706107640625001 0.6429312859375 0.675023790625 0.6480880109375 0.6826185640625 0.6467795328125 0.6891868171875 0.6442394734375 0.687031590625 0.6419307015625 0.6866209046875 0.63815935625 0.6851840874999999 0.635234503125 0.6732788609375 0.6340029234375
3 0.6778974265625 0.6477801171875 0.6679422781250001 0.6510894734375 0.6657870515625001 0.6542453218750001 0.6664028859375 0.65701608125 0.677692278125 0.6614029234375 0.688468409375 0.6581704671875 0.68898166875 0.65478391875 0.6854922 0.652166959375 0.6786158343750001 0.6517052624999999 0.6755370515625 0.6507815796875 0.6778974265625 0.6477801171875
3 0.6470054609375 0.6349266078125 0.655831903125 0.6360812859375 0.6573712953124999 0.6316941515625001 0.6513159125 0.6310783625 0.648339703125 0.628615496875 0.6438237124999999 0.6275380109375 0.6397187984375 0.630154678125 0.6358186421875 0.6324637421875 0.634381825 0.6373894734375 0.636126365625 0.6416997078125 0.6423868953125 0.6357733921875 0.6470054609375 0.6349266078125
3 0.6514699687500001 0.64823771875 0.6364855687500001 0.643850584375 0.6347410296875 0.6463903515625 0.6344333078125 0.6566269 0.6465436812500001 0.6596286546875 0.6514699687500001 0.64823771875
3 0.6174988296875 0.6644733921875 0.6132909515625 0.6602400578125 0.6104173171875 0.658854678125 0.604362325 0.660547953125 0.603335803125 0.6657818718749999 0.60302808125 0.6699380109375 0.608262090625 0.67147719375 0.61267550625 0.6711692984375001 0.6173962562499999 0.6690143281250001 0.6174988296875 0.6644733921875
3 0.5812445390625001 0.6809950296875 0.574060453125 0.67822426875 0.562873634375 0.68461228125 0.5594867390625 0.6889225140625 0.57303393125 0.691616375 0.576625975 0.6875371343750001 0.5812445390625001 0.6809950296875
3 0.5553814359375 0.678916959375 0.549531590625 0.6808409359375001 0.542860375 0.6817646203125001 0.54152613125 0.684150584375 0.544810453125 0.6878450296875 0.5478892359375 0.691154678125 0.5513787046874999 0.69346345 0.5594867390625 0.6894614031249999 0.5601025734375 0.6859207609375 0.5571263656250001 0.687306140625 0.5573315125 0.684920175 0.5579473484374999 0.6826883046875001 0.5578447734374999 0.681456725 0.5553814359375 0.678916959375
3 0.5636989078125 0.71576228125 0.5541072546875 0.711652046875 0.5527371296875 0.71202573125 0.5461349453125 0.720339765625 0.5514914203125 0.7219280703125001 0.552114275 0.726225146875 0.560335803125 0.7263184203125 0.5636989078125 0.71576228125
3 0.43168759687499997 0.7151982453125 0.4254282375 0.7099581875000001 0.41848361875 0.71407719375 0.414123634375 0.7171599421875 0.42010296406250003 0.7240728062499999 0.42483658281250003 0.726688596875 0.43081591250000006 0.7231385968749999 0.43604758125 0.71828099375 0.43168759687499997 0.7151982453125
3 0.41898166875 0.68858099375 0.41375 0.6848444437500001 0.403784321875 0.683910234375 0.40141770625 0.6870862578125 0.40154212187500005 0.6934388890625 0.40129290156249997 0.69586754375 0.40702301093750004 0.7038081875 0.411133775 0.705489765625 0.41698868906250003 0.698389765625 0.41898166875 0.68858099375
3 0.4004212171875 0.6968017546875 0.3926977375 0.7042751468749999 0.40191575625000003 0.7118421046875001 0.4103865046875 0.7061435671875 0.40615132656249997 0.704181871875 0.4004212171875 0.6968017546875
3 0.3922425890625 0.7047915203125 0.3806150546875 0.7113596484375 0.37995046875 0.7131868421875 0.38017199687500003 0.7161766078125 0.38349415 0.7216576015625 0.3871485953125 0.7216576015625 0.39091380625 0.7206611109375001 0.3919106859375 0.7214084796875 0.401655615625 0.7140172515625001 0.4012125578125 0.7127716375 0.3922425890625 0.7047915203125
3 0.3561411859375 0.696441228125 0.3612351796875 0.69561081875 0.36112441562500003 0.6922058484375 0.36101364999999996 0.6857280703125 0.36134594375 0.6799976609375 0.354812403125 0.6800807015625 0.353262090625 0.6785029234375 0.3422987515625 0.6812435671875 0.34185569375 0.6836517546875001 0.3420772234375 0.6875552625 0.34362753437500004 0.6903786546874999 0.3432952421875 0.6943652046875 0.349718409375 0.6979362578125 0.3518225421875 0.6980192984375 0.3540370515625 0.6958599421875 0.3561411859375 0.696441228125
3 0.38966809687500004 0.6755988296875 0.37815093593750004 0.6716956140625 0.3712851015625 0.674934503125 0.3688486734375 0.67850555625 0.36995631875 0.6826578953125 0.37372152812500004 0.683156140625 0.38601365 0.67850555625 0.38966809687500004 0.6755988296875
3 0.395094384375 0.672941228125 0.39265795625 0.6687804093749999 0.3927687203125 0.6648026312499999 0.39343330781249997 0.6619789468749999 0.391993759375 0.6607333328125 0.3836879875 0.65658099375 0.381916146875 0.657245321875 0.3799227765625 0.6640552625 0.38103042187499997 0.6722769000000001 0.3915507015625 0.6753497078125 0.395094384375 0.672941228125
3 0.3991918875 0.659653509375 0.3943190328125 0.6629687140625 0.3936548359375 0.6698684203124999 0.3957585796875 0.6727751468750001 0.3993026515625 0.6745192984374999 0.4041751171875 0.6740210531249999 0.4098229328125 0.67360555625 0.41081942343750005 0.6687058484375 0.41015522656250003 0.6640552625 0.40904758125 0.661646784375 0.4059469578125 0.6604011703125 0.3991918875 0.659653509375
3 0.47647893906250005 0.635419590625 0.48348361874999995 0.6412652046875 0.48867199687499996 0.6428216375 0.49066770625 0.6403672515625 0.49266341718750006 0.6358774859375 0.4956166140625 0.6332435671875001 0.49154563125 0.6305497078125 0.491386115625 0.62719736875 0.4866762875 0.6258204671875001 0.48053003125 0.6257605265625 0.4780553828125 0.6265988296875 0.476059671875 0.627676315625 0.47613962499999996 0.6288733921875 0.47725702031250006 0.629112865625 0.4766185640625 0.631327778125 0.47647893906250005 0.635419590625
3 0.47550117031249994 0.636116959375 0.46703978125 0.6273769 0.4638467234375 0.6283947375000001 0.4510748828125 0.6388704671875 0.44971801874999995 0.642103215625 0.45514586562500003 0.6446172515625 0.4635273015625 0.6465330406249999 0.4673588140625 0.645754678125 0.47550117031249994 0.636116959375
3 0.43942043750000004 0.6309687140625 0.450436428125 0.63743391875 0.450356475 0.63743391875 0.451633775 0.6377330406249999 0.4635273015625 0.6286342109375 0.45083541406250005 0.621869590625 0.43942043750000004 0.6309687140625
3 0.4371852578125 0.6255213453125 0.44724337031249994 0.6237254390625 0.452352184375 0.6210915203125 0.450436428125 0.61995409375 0.44684399375000006 0.6125909359375 0.42856435312499996 0.6139078953125 0.425211778125 0.6154043859375 0.42800585 0.6163023390625 0.42856435312499996 0.6191157890625 0.432555771875 0.618637134375 0.43415210625 0.6198941515625 0.4371852578125 0.6255213453125
3 0.4181474265625 0.590033625 0.4275666921875 0.590153215625 0.43522971874999994 0.5863222218749999 0.43435179375 0.581533040625 0.42844461718750004 0.5799766078124999 0.4246131046875 0.58464590625 0.4181474265625 0.590033625
1 0.52659009375 0.4777152046875 0.5331860374999999 0.4744850875 0.5449227765625 0.47366608125000004 0.5464691890625 0.474007309375 0.54746996875 0.473256725 0.5486528859375001 0.47073245625000004 0.5505635718749999 0.466706725 0.5492897812499999 0.4650011703125 0.5485620124999999 0.4648646203125 0.5477429796875 0.46295409374999996 0.5447406390625 0.4613847953125 0.5401914984375 0.45394795312499997 0.5387359593750001 0.4480801171875 0.5411014046875 0.4488988296875 0.550654446875 0.44719327499999995 0.5523829953125 0.4461014625 0.5431938374999999 0.4465792390625 0.5412835406250001 0.44767076093749997 0.5381899375 0.4452827484375 0.5375530421875 0.44330409375 0.535187596875 0.434512865625 0.5336407953125 0.4263935671875 0.53063845625 0.4220269 0.5281821375 0.42400555625 0.5258166921874999 0.42700760156250006 0.5239968796875 0.43021432812500005 0.5236329953125 0.4326704671875 0.5248159125 0.43539970781250004 0.5262714515625 0.440380409375 0.5263627140625 0.4461116953125 0.5239968796875 0.4442011703125 0.5233599843750001 0.440516959375 0.523724259375 0.437173684375 0.523724259375 0.4341716375 0.5231782375 0.43055555625 0.5199028859375 0.4291909359375 0.5186290953125 0.43000964843749995 0.5183560843749999 0.43212485312500004 0.51890210625 0.43355760156249995 0.516809671875 0.4364231 0.5159906390625 0.43778771875 0.516809671875 0.43922046718749996 0.5179013265625 0.44010760156249995 0.5181743375 0.44126754375 0.5188112328125001 0.4442011703125 0.520175896875 0.4482950296875 0.5229052265624999 0.4515017546875 0.5234512484375 0.4550497078125 0.5214496875 0.45436754375 0.5197207484375 0.4551862578125 0.5203576437499999 0.45655087656250004 0.5217226984375001 0.457915496875 0.523724259375 0.4588704671875 0.525179796875 0.45948479531249997 0.5261805765625 0.4602350875 0.52727223125 0.463295321875 0.5273634953124999 0.4687538015625 0.5264535875 0.470254678125 0.5247250390625 0.47073245625000004 0.5211766765625 0.47018655000000004 0.515717628125 0.46779853749999994 0.517628315625 0.46964064375000003 0.5203576437499999 0.4720286546875 0.5226322156250001 0.47318859687500003 0.523724259375 0.474689765625 0.5242698906250001 0.4753038015625 0.5264535875 0.4775552625 0.52659009375 0.4777152046875
1 0.5924508578125 0.49529795312499997 0.5853096718749999 0.49905818750000003 0.5801770671875001 0.494547953125 0.5762714515625 0.49078245625 0.5710273015625 0.48910906406250004 0.56723361875 0.4896111109375 0.5607617 0.491284503125 0.555294071875 0.49295818750000003 0.556521840625 0.49471549687499994 0.560203978125 0.4937950296875 0.569130265625 0.4906988296875 0.5742632609375 0.49295818750000003 0.5795074109375 0.4974769 0.577722309375 0.498229825 0.5773872859375 0.4994850875 0.5780569421874999 0.5012423984375001 0.5797304999999999 0.5026649125 0.5811813578125 0.5045894734374999 0.5797304999999999 0.50693245625 0.581627534375 0.5088570171875 0.583636115625 0.509520175 0.5843053828125 0.514373684375 0.5851981281249999 0.5178883046875 0.58475195 0.5210678359375 0.5865370515625 0.522406725 0.5856443062500001 0.528766375 0.5855327609375001 0.5321970765625 0.587429796875 0.5321970765625 0.5904426671875 0.5306909359375 0.591670046875 0.5291847953125 0.5912234796875 0.523996784375 0.5945709828125 0.5300991234375 0.59423635 0.5324421046875 0.58620241875 0.5414792390625001 0.579395865625 0.551269590625 0.5718085015625001 0.556696490625 0.5690187203125 0.56238655 0.56667550625 0.5634742687500001 0.5665639625 0.564896784375 0.5631049140625 0.5692482453125 0.56277028125 0.57108918125 0.56489040625 0.5700011703125 0.5653365828125 0.5720932750000001 0.5663408734375001 0.5751891812500001 0.5660062406249999 0.579122221875 0.565448128125 0.5809631578125 0.563997659375 0.5829713453125 0.56277028125 0.58489590625 0.56500195 0.5856491234375001 0.569130265625 0.5852307015625 0.57035764375 0.5884941515625 0.572031590625 0.5968619890625 0.5743748046875 0.60430935625 0.57459789375 0.607154678125 0.5762714515625 0.608158771875 0.583189546875 0.6058994156249999 0.5860908734375 0.6020502921875 0.5829664593749999 0.59451900625 0.5737051484375 0.5836409359375 0.5759368171875 0.5782947375 0.5770526515625 0.575784503125 0.5807347890625 0.572521053125 0.5811813578125 0.570428946875 0.5828549140625 0.5705964906250001 0.585867784375 0.5705964906250001 0.5873182531250001 0.570345321875 0.5887687203125 0.5692576015624999 0.5906657562500001 0.5685043859375 0.5908888453125 0.569341228125 0.5903311234374999 0.570345321875 0.5903311234374999 0.5710985375 0.5908888453125 0.5727719296875 0.5908888453125 0.57402719375 0.591670046875 0.57402719375 0.59434789375 0.5736923984375 0.5960214515625 0.5731903515625 0.59646801875 0.5727719296875 0.5971372859375 0.5710146203125 0.60015015625 0.5707637421875 0.6051712171875 0.5730231 0.6061755062499999 0.57210263125 0.60595241875 0.5690900578125 0.605506240625 0.5657429828125 0.6041669265625 0.5629815796875 0.5999270671875 0.56122426875 0.595463728125 0.5613918124999999 0.5885456312499999 0.562646784375 0.5866485953125 0.5604713453125 0.5893268328125 0.5572915203125001 0.5903311234374999 0.5564546781249999 0.591781590625 0.5531076015624999 0.6039438374999999 0.540233625 0.6117546796875 0.5414049703125 0.622689546875 0.539564034375 0.6245865828125 0.5352128656249999 0.618895865625 0.5155482453125 0.605059671875 0.50115555625 0.602828003125 0.49747368437499995 0.602828003125 0.48960789531250004 0.603386115625 0.48517280625000003 0.6019352578125 0.4848383046875 0.5960214515625 0.48684649062499996 0.597583853125 0.49554912343749996 0.5924508578125 0.49529795312499997
1 0.6899177062499999 0.5092011703125 0.691033540625 0.5028938593750001 0.6944925890625 0.4967853796875 0.698955928125 0.49151344999999996 0.6977285484375 0.484484503125 0.6966127140625 0.48281081875 0.694046021875 0.4838149125 0.6952734015625001 0.4803842109375 0.6895830734375 0.47686959062499995 0.6864586578125 0.4782084796875 0.680656396875 0.4917646203125 0.66860569375 0.4975383046875 0.66782449375 0.4906766078125 0.6644769890625 0.4900909359375 0.6633611546875 0.4932707609375 0.6613525734375 0.49419122812499994 0.662133775 0.49720350937499996 0.6602367390625 0.5009692984375 0.654434478125 0.504985671875 0.65409984375 0.5009692984375 0.6509754296875 0.49921198906250003 0.64807449375 0.5005508765625 0.646624025 0.5028102343749999 0.6469586578125 0.5062409359375 0.6464009359375 0.5088350875 0.6484091265624999 0.51310263125 0.6481860375 0.5166169593750001 0.6429418874999999 0.5213868421875001 0.641937596875 0.5251523390624999 0.641826053125 0.5273280703125 0.6405986734375 0.5298383046875 0.6384785484375 0.5305915203125 0.636916146875 0.5322649125 0.6426068640625 0.5308423984374999 0.6464009359375 0.5321812859375 0.6441692671875 0.536526315625 0.644057721875 0.54372280625 0.636916146875 0.5440573093750001 0.6362468796875 0.5458146203124999 0.6392593609375 0.547153509375 0.643499609375 0.55016608125 0.6445039 0.5531783625 0.6501946171874999 0.5577599421875 0.6523147421875 0.55535409375 0.655773790625 0.5557725140625001 0.6602367390625 0.553764034375 0.6585631828125 0.549664034375 0.6586747265625 0.5463166671875 0.65990210625 0.54573099375 0.6588978156249999 0.5447269 0.6570011703125 0.5426347953125 0.6590093609375 0.5362754390625 0.6591209046875 0.52949736875 0.6899177062499999 0.5092011703125
1 0.6973412640625 0.5524014625 0.6959399375 0.556757309375 0.6980959437500001 0.557414034375 0.701546021875 0.570430409375 0.6889325265624999 0.57398771875 0.6851591265625 0.57908099375 0.6861294859375 0.5803745609375001 0.684404446875 0.583527778125 0.6897948515625 0.58651900625 0.6975569421875 0.5864383046875 0.7074754296875 0.5681666671875 0.7089844000000001 0.56873245625 0.709092434375 0.56218391875 0.7110327609375 0.558303215625 0.71060179375 0.55757573125 0.7092000781250001 0.537606140625 0.7060737125000001 0.5353423984375001 0.7019769890625 0.5342105265625 0.6961556156250001 0.5440739765625 0.6973412640625 0.5524014625
1 0.64271021875 0.6005029234375 0.66098361875 0.6014792390625 0.69116965625 0.6079470765625 0.6958053828125 0.6073002921875 0.7035674734375 0.601964328125 0.7070171609375 0.5975985374999999 0.71100585 0.593960234375 0.70766380625 0.5890286546875 0.7047531203124999 0.58959444375 0.6992550703125 0.5869266078125001 0.6733814359375 0.5885435671875 0.66216965625 0.5872499999999999 0.6541918875 0.5815099421875 0.6423330734375 0.5751081874999999 0.6309056156249999 0.572521053125 0.636403665625 0.5698529234375 0.652790171875 0.5664573093749999 0.65979758125 0.567346784375 0.66389430625 0.5662149125 0.6660507015625 0.566053215625 0.6700393921875001 0.5626576015625 0.6714407171875 0.5616064328125 0.6703627140624999 0.5611213453125 0.6668049921875 0.5595853796875 0.66648166875 0.5578067250000001 0.666589703125 0.555138596875 0.669500390625 0.5501260234375 0.669608034375 0.5492368421875 0.6676677062499999 0.549964328125 0.6634633390625 0.5565131578125 0.6602289390625 0.5580491234375 0.65548556875 0.56104064375 0.6546228546874999 0.562253215625 0.647184478125 0.5612023390624999 0.642656396875 0.56298099375 0.639314353125 0.5618491234375 0.63748166875 0.564597953125 0.633061621875 0.5667 0.6221731671875 0.56855935625 0.620771840625 0.5717125734375 0.6070803437500001 0.56993391875 0.606109984375 0.573006140625 0.6047082687499999 0.5732485375 0.5987792515625 0.5713081875 0.59748556875 0.5731678359375 0.595652496875 0.5751888890625 0.5764629484375 0.577614328125 0.5743069421875 0.5825461984375 0.5749535875 0.58440555625 0.5789426671875 0.5873970765625 0.579374025 0.58917573125 0.5834703593749999 0.5898225140625 0.587243759375 0.588528946875 0.5924184875 0.5893374265625 0.5943588140625 0.5910350875 0.5946825265625 0.5929754390624999 0.5943588140625 0.59426900625 0.5951134953125 0.59523918125 0.598239859375 0.5966944437499999 0.6020132609375 0.5975029234375 0.604061621875 0.5965327484375 0.6076193453125 0.5969368421875 0.6105300312499999 0.5955625734375001 0.6135487515625 0.597341228125 0.613872075 0.59926900625 0.6132250390625 0.6029880109375 0.6119313578125001 0.60387719375 0.6068646640625001 0.6031497078125 0.6115003906250001 0.608000584375 0.6109613890625 0.6100216374999999 0.608265990625 0.612123684375 0.61139235625 0.614953215625 0.616998440625 0.6181064328125 0.6187234796875 0.6210976609375 0.6185077999999999 0.6237657890625 0.618184478125 0.6263529234375 0.6201248046875001 0.625706140625 0.6196934484375001 0.62966754375 0.6154890796875 0.644937134375 0.613656396875 0.6599745609375 0.6186154453125 0.66563391875 0.6260542124999999 0.672021053125 0.629611934375 0.6730719296875 0.636403665625 0.6716976609375 0.6433034328125 0.6712125734375001 0.651496490625 0.6714549703125 0.6545152109375 0.6716976609375 0.6579648984375 0.669757309375 0.6593666140625001 0.6679786546875001 0.6585039 0.6658766078125 0.65979758125 0.663612865625 0.6512808109375 0.6607023390625 0.6534372078125 0.654153509375 0.6624929796875 0.64841345 0.666589703125 0.64752426875 0.6698237125000001 0.644856140625 0.6702550703125 0.6419456140625 0.66939235625 0.6404903515625 0.6701470359374999 0.639520175 0.6721953984375 0.6335374265625 0.6658350234375 0.6332950296875001 0.6613069421875 0.6372564328125 0.6580729328125 0.6370947375 0.6564555375000001 0.641137134375 0.6579648984375 0.6425116953125001 0.6548385328124999 0.6467157890624999 0.651820203125 0.6502728062500001 0.6465374421875001 0.66054064375 0.6332773015625001 0.6648254390624999 0.6309056156249999 0.6627233921875 0.632953978125 0.6569833328125 0.635217628125 0.6442903515625 0.6361879874999999 0.6421073093749999 0.6338163031249999 0.6392777781250001 0.6390986734374999 0.6242400578125 0.6431953984375001 0.6267461984375 0.6512808109375 0.6303845031249999 0.6856712171875 0.6344269 0.69203198125 0.6336991234375 0.6958053828125 0.6312 0.7038907953125 0.6210941515624999 0.7035674734375 0.6107456140624999 0.7003330734375 0.6155157890625 0.6947269890625 0.6081584796875 0.6905226203125 0.6090479531249999 0.685563571875 0.6155157890625 0.6795265203125 0.6160008765625 0.6688533546875 0.615111403125 0.6692847109375 0.6131710531250001 0.668314353125 0.6131710531250001 0.667559671875 0.6140605265625 0.660767940625 0.612685965625 0.6526825265625 0.6160008765625 0.646429796875 0.6182646203125 0.6408237125 0.6160815796875 0.6423330734375 0.6138178359375 0.64271021875 0.6005029234375
3 0.5906934484375 0.6184263156250001 0.5970542125 0.6204473687500001 0.6037383000000001 0.6248131578125 0.6067566296875 0.62602573125 0.6167827609375001 0.627238596875 0.6179687984375 0.6204473687500001 0.6159204375 0.6177795328125 0.6122550703125 0.615596490625 0.6091287046875 0.612685965625 0.6067566296875 0.6115540937499999 0.6012585796875001 0.61252426875 0.59629953125 0.6138178359375 0.592634165625 0.6159198828125 0.5906934484375 0.6184263156250001
1 0.6757262093749999 0.6509166671875 0.6844586578125 0.6516362578125 0.6910347109375 0.651312865625 0.6995514828125 0.6501 0.709469578125 0.6453301171875 0.7136743375 0.6483213453125 0.714752340625 0.6467043859375 0.7176630265624999 0.6434704671875 0.7218673953125 0.6416111109375 0.724993759375 0.6384578953125 0.7280124812500001 0.6353049703125 0.7398712953125 0.630696784375 0.740625975 0.6208333328125 0.73728393125 0.6202672515625001 0.736205928125 0.6224502921874999 0.7322168484375 0.62204590625 0.7183100625 0.62633099375 0.705912246875 0.6359517546875 0.69815015625 0.6429853796875 0.6846743375 0.64638099375 0.677019890625 0.6493725140625 0.6757262093749999 0.6509166671875
1 0.6808471140625 0.6611207609374999 0.6817094390625 0.664079825 0.6817094390625 0.6643225140625 0.680092434375 0.6689307015625 0.6764270671875 0.67022426875 0.6785830734375 0.6706286546875 0.678151715625 0.671437134375 0.6729769890624999 0.6699818718749999 0.669311621875 0.6684456140624999 0.6653229328125 0.6679605265624999 0.6610105296875 0.6686883046875 0.6592854921875 0.6693350875 0.6584231671875 0.672407309375 0.659177846875 0.6743476609375 0.6623042124999999 0.6743476609375 0.6619808890625001 0.67022426875 0.6642449296875 0.6701435671875 0.6661852578125 0.6696584796875 0.6698506234375 0.66973918125 0.6721146640625 0.6727307015624999 0.6776127140625 0.674185965625 0.6810627921875 0.672811403125 0.68332644375 0.6703052625 0.6862375187499999 0.666666959375 0.684620125 0.6595523390625 0.6808471140625 0.6611207609374999
1 0.5545448515625 0.5823111109375 0.5503358031250001 0.5776461984375 0.5464925890625 0.5754508765625 0.5409106859375 0.5744903515625001 0.5387145078125 0.574010234375 0.5382570203125 0.5730497078125001 0.5356029640625 0.5722266078125 0.5322172390625 0.5727754390625 0.530570203125 0.5735985375 0.52690990625 0.5734614031249999 0.5249883 0.574010234375 0.5217854921875 0.57977280625 0.52096216875 0.5799786546875 0.521694228125 0.5780578953125 0.5195897031250001 0.5771657890624999 0.518399765625 0.576685671875 0.517942278125 0.5754508765625 0.516478159375 0.57325555625 0.5156548359375 0.571677778125 0.51464820625 0.5708543859375 0.5104387671875 0.5661207609375001 0.5100729328125 0.5638570171875 0.5095237906250001 0.5610441515625 0.5077851015625 0.5591233921875001 0.5043081125 0.5560362578125 0.5022031984375 0.5539780703125 0.500647815625 0.5517827484375 0.49973245000000005 0.551439765625 0.498726209375 0.5525374265624999 0.497902496875 0.5541152046875 0.49653003125 0.5543897656250001 0.49552340156249997 0.5545956140625 0.4951571765625 0.5551444437499999 0.4952488296875 0.5563105265625 0.4962554609375 0.557614034375 0.49781084218749994 0.5592605265625 0.50101365 0.5613187140625 0.5018373640625 0.5631707609375 0.5046095937499999 0.5683058484375 0.5046095937499999 0.570002046875 0.5048478937499999 0.571252046875 0.5061575656249999 0.5724125734375 0.5075865828125 0.5740192984375 0.5094918093749999 0.5752692984375 0.510444228125 0.5763403515625 0.5103252734375 0.5773225140625 0.509372465625 0.5779473687500001 0.508420046875 0.5791970765625 0.5072293296875 0.580000584375 0.5065148203125001 0.5805362578125 0.5055620125 0.5816076015625 0.5046095937499999 0.5825002921875 0.5038950859375 0.5831251468749999 0.50246606875 0.58375 0.501989859375 0.5849105265625 0.5005608421875001 0.5861605265625001 0.49925117031250005 0.58651754375 0.49829836250000004 0.5867853796875 0.49710764375 0.586964034375 0.49639313593749995 0.5877672515625 0.494726209375 0.588660234375 0.49258268281250006 0.58937426875 0.489606084375 0.5901777781249999 0.4881770671875 0.5913383046875 0.48615288593750006 0.5928558484375 0.482342434375 0.594462865625 0.4803178625 0.594641228125 0.477698128125 0.595266375 0.4749594390625 0.595802046875 0.47174453906249997 0.5969625734374999 0.46948205937500004 0.5977657890625 0.4667433703125 0.5994619890624999 0.46507605312500006 0.5999084796874999 0.46245631875 0.6008011703125 0.46102769062500004 0.601783040625 0.45983697343749996 0.6033900578125 0.459122465625 0.6051754390624999 0.4582886109375 0.6065146203125 0.4580507015625 0.6081216375 0.45685998437500003 0.610442690625 0.45614547656250004 0.6123172515624999 0.45602613124999997 0.613299415625 0.45638338593750005 0.6139242687500001 0.4574551484375 0.6143704671875 0.45840795625 0.6142812859375 0.45888416562499995 0.6135672515625 0.4601938375 0.6127637421875 0.46198010937499995 0.6117815796875 0.46412363437500004 0.6107105265625 0.46662402500000005 0.608835671875 0.46781474218749997 0.6084786546875 0.4698393140625 0.6072289468750001 0.47079173125 0.606693275 0.47400702031249997 0.6054432750000001 0.4757929015625 0.6050862578125 0.479841653125 0.6048184203125 0.4804368171875 0.6051754390624999 0.4792461 0.606068128125 0.4778174734375 0.6066038015624999 0.4765074109375 0.606068128125 0.47484048437500004 0.6065146203125 0.473649765625 0.607585965625 0.4734114671875 0.608924853125 0.474602184375 0.6097283625000001 0.4757929015625 0.6100853796875 0.4780553828125 0.610442690625 0.4806751171875 0.610442690625 0.48305655156249994 0.6097283625000001 0.4837710609375 0.608746490625 0.48472386875 0.6081216375 0.48793876718750007 0.607764328125 0.4906774578125 0.6086570171875 0.4922254296875 0.610264034375 0.4949645078125 0.6111567250000001 0.49627418125 0.6119602343749999 0.49841770625 0.6220479531249999 0.50246606875 0.6211552625000001 0.5004418875 0.6137456140625 0.5092535093749999 0.614727778125 0.510563571875 0.6125850875000001 0.5111587359375 0.610621053125 0.5054430578125 0.6093713453125 0.5063958656249999 0.60821081875 0.5094918093749999 0.608924853125 0.5185413421875 0.6132099421875 0.5204465671875 0.612049415625 0.5186606859375 0.610353215625 0.513778471875 0.607764328125 0.5077055374999999 0.6056219296875 0.515683696875 0.600354678125 0.5206848671875 0.6008903515624999 0.5222328390625 0.5983909359374999 0.5235429015624999 0.5966947375 0.5255670828125 0.5956233921874999 0.52771021875 0.5966052625 0.5273533546875 0.600979825 0.5296154453125 0.6048184203125 0.5296154453125 0.610353215625 0.535807721875 0.6107105265625 0.5377129484375 0.609103509375 0.5381891578125 0.6047292390625 0.537593603125 0.6021403515625 0.5364028859375 0.598926315625 0.5348549140625 0.5963374265625 0.5340214515625 0.5942842109375001 0.533664196875 0.592320175 0.53735569375 0.591695321875 0.5394988296875 0.5921418125 0.54378588125 0.5948198828125 0.544500390625 0.5926774859374999 0.556645865625 0.598747953125 0.5598611546875001 0.600354678125 0.566410296875 0.600176315625 0.5662913421875 0.5966052625 0.569267940625 0.593034503125 0.569506240625 0.58794590625 0.5642667703125 0.5881245609375 0.5596228546875001 0.58794590625 0.56176638125 0.5853570171875 0.5662913421875 0.5765190062500001 0.5545448515625 0.5823111109375
1 0.5531731671875 0.6007511703125 0.5570409515625 0.6003307015625 0.5510074109375 0.596343859375 0.5479134171875 0.5975616953125 0.5429629484375 0.5972716375 0.5412613109375 0.5964017546875 0.5398689546875 0.5955900578125 0.537625975 0.5953 0.5361563968749999 0.59518391875 0.5372390796875 0.5973877187500001 0.5365429015625 0.5984894734374999 0.536929796875 0.599707309375 0.5380900937499999 0.601678946875 0.5385542125 0.6019687140625 0.5394052265625 0.6020847953125 0.5406427453125 0.602258771875 0.542344384375 0.6024327484375 0.54427808125 0.6023166671875 0.5461345546875 0.602142690625 0.5476813578125 0.60191081875 0.550234009375 0.6012731 0.5531731671875 0.6007511703125
1 0.5674247265625 0.6110523390625 0.5647488296875001 0.605993275 0.5633525734375 0.6045976609375 0.5616072546875001 0.605121053125 0.556372075 0.605557309375 0.55171801875 0.6035508765625 0.5474134171875 0.6035508765625 0.545551871875 0.604772221875 0.542177846875 0.603987134375 0.5398510140624999 0.6038125734374999 0.5385709828125 0.6065166671875 0.5377566296875 0.6092204671875 0.5365932140624999 0.6111394734375 0.5390366609374999 0.6141923984375001 0.5424106859375 0.6148029234375 0.5474134171875 0.6150646203125001 0.5495074109375 0.6153263156250001 0.547064353125 0.618030409375 0.545551871875 0.6199491234375001 0.543574103125 0.6202982453125 0.542294071875 0.6205599421875 0.5426431359375 0.625706140625 0.5420616218750001 0.6287590640625 0.538687596875 0.636260234375 0.5377566296875 0.6386152046875 0.5419450078125 0.642453215625 0.54485374375 0.6437616953124999 0.54776248125 0.642802046875 0.550322153125 0.6403596484375 0.551019890625 0.638004678125 0.5519508578125001 0.634341228125 0.5521833078125 0.633207309375 0.5533471140625 0.6347774859374999 0.5533471140625 0.6358239765625 0.5521833078125 0.63713245625 0.553114275 0.6396619890624999 0.5539286265625 0.6412321640624999 0.55509204375 0.6486461984375 0.5581170046875 0.655711403125 0.561025740625 0.66059590625 0.5627710609375 0.6629508765625001 0.5633525734375 0.6649570171875 0.5681228546875 0.6622532156250001 0.56858814375 0.6607704671875 0.5682390796875 0.658589765625 0.5671918875 0.6563219296875 0.5671918875 0.65614736875 0.5671918875 0.6545774859375 0.566610375 0.652396784375 0.566377534375 0.6510011703125 0.5634687984375 0.6422786546875 0.5638178625 0.63983655 0.5638178625 0.63791754375 0.5631197343750001 0.6356497078125 0.562421996875 0.6339052625 0.5621891578125 0.6310269 0.562654446875 0.6286716375 0.5638178625 0.6264038015625 0.5648650546875 0.6250081875 0.5660284718749999 0.623787134375 0.5675409515625 0.623002046875 0.5699844 0.6233508765625 0.5730093609375 0.6242231 0.5739399374999999 0.6243105265625 0.5714968796875 0.62788655 0.5696353359375 0.6317245609375 0.5683553046875 0.634166959375 0.567890015625 0.6359114031249999 0.5673085015625 0.6376558484375 0.5662613109375 0.6387026312499999 0.5656794078125 0.6404470765625 0.5654469578125 0.641668128125 0.56533034375 0.64445935625 0.565912246875 0.64672719375 0.5673085015625 0.64812280625 0.5674247265625 0.6494312859375 0.5673085015625 0.6510011703125 0.5673085015625 0.6519605265624999 0.5682390796875 0.6530944437499999 0.5696353359375 0.6542286546875 0.5716131046874999 0.6544029234375001 0.5740561625 0.6545774859375 0.576034321875 0.6548391812500001 0.5773139625 0.6554497078125 0.5783611546875 0.656583625 0.5787102187500001 0.6579792390625 0.579873634375 0.65981081875 0.5818514046875001 0.661468128125 0.584876365625 0.6627766078125 0.5876684875 0.663387134375 0.5938350234375 0.6627766078125 0.5989539781250001 0.662602046875 0.6025608421875 0.662602046875 0.6045386109375 0.6604213453125001 0.6006992984374999 0.6595491234375 0.5951146640625 0.65850263125 0.590111934375 0.656496490625 0.5877851015625 0.6535307015625 0.586854134375 0.6496055562499999 0.58592355625 0.645593275 0.586854134375 0.6427149125 0.589995709375 0.64001081875 0.594998440625 0.6381792390625 0.600466459375 0.6368707609375 0.6013974265625001 0.6346900578125 0.6020955531250001 0.632422221875 0.6043061625 0.6310269 0.6059348671875 0.629543859375 0.6059348671875 0.627625146875 0.6034914203125 0.625706140625 0.5997687203125001 0.62308918125 0.595463728125 0.6202982453125 0.5931368953125 0.61890263125 0.5896466453125 0.6183792390625 0.5913915750000001 0.6168964906250001 0.5926716062499999 0.614541228125 0.5919734796875 0.6126225140625 0.5903447734375 0.6101801171875 0.584876365625 0.60485935625 0.5840620125 0.6056444437499999 0.585341653125 0.6081739765624999 0.5863888453125 0.6099184203125 0.5872031984375 0.611314034375 0.5884832296875 0.612796784375 0.58883229375 0.6139307015625 0.5869707484375 0.6131456140625 0.58557449375 0.6148029234375 0.5837129484375 0.6168090640624999 0.58254953125 0.61811754375 0.5817351796875 0.6188152046875001 0.5805717625 0.6190769 0.576034321875 0.6182921046875001 0.5703334640625 0.6171581875000001 0.569286271875 0.6159368421875 0.5690534328125 0.6129713453125001 0.5674247265625 0.6110523390625
1 0.5579247265625 0.6629216375 0.555837753125 0.6630584796875 0.55302028125 0.6641733921874999 0.5536466453125 0.6665985375 0.5544812796875 0.6680064328124999 0.5557332296874999 0.6693365499999999 0.558446178125 0.66996228125 0.5629333078125 0.6716049703125 0.5642897812500001 0.672856725 0.5657507796875 0.6737956140625 0.56366380625 0.6759076015625001 0.5596985171875 0.6777850875 0.5581333859375001 0.6794280703125 0.5579247265625 0.6805231 0.5591766765624999 0.6819312859375 0.5591766765624999 0.68341754375 0.55771606875 0.6855298249999999 0.560115834375 0.68482573125 0.5622028078125 0.683808771875 0.56554173125 0.68208771875 0.573889625 0.675985965625 0.575872075 0.678254678125 0.5774372078125001 0.6784111109375 0.5805678624999999 0.6789584796875 0.58421996875 0.6805231 0.591628315625 0.681853215625 0.591002340625 0.6826353796875 0.5886025734375 0.6847476609375 0.5863069421875 0.6867815796875 0.5852632609375 0.6885807015625 0.58484594375 0.6907713453125 0.5845327609375001 0.6928052625000001 0.5832808109375 0.695152046875 0.5819243375 0.6969511703125 0.580046021875 0.69757719375 0.5796287046875 0.695543275 0.578689546875 0.6912406437499999 0.580046021875 0.685842690625 0.5782722312499999 0.6872508765625 0.576393915625 0.69053655 0.576393915625 0.6982812859374999 0.5773330734375001 0.7005497078125 0.5761852578125 0.701488596875 0.5708634953125 0.7035225140625 0.5657507796875 0.7061040937499999 0.5613681749999999 0.7086073093749999 0.5574028859375 0.711345321875 0.558446178125 0.7131447375 0.561889625 0.7142400578125 0.56439430625 0.71470935625 0.5689851796875 0.7133795328125 0.57326365 0.711502046875 0.57816770625 0.7095461984375 0.5802546796875 0.7058692984375 0.5825503125 0.70250555625 0.5886025734375 0.700158771875 0.59089820625 0.6996111109375 0.5927761312500001 0.6971078953125 0.593297971875 0.6903801171875 0.5960109203124999 0.6867815796875 0.597993759375 0.6820096484375 0.593297971875 0.6777850875 0.591628315625 0.6759076015625001 0.5886025734375 0.6744994156249999 0.59089820625 0.674577778125 0.5942371296875 0.675985965625 0.599141575 0.6791152046875 0.6015413421875 0.6833394734375 0.6025846328125 0.6891283625 0.6042542906249999 0.6900672515624999 0.6084282375 0.691866375 0.610828003125 0.6917099421875 0.61500195 0.688111403125 0.6122890015625 0.6777850875 0.6071758968750001 0.6736388890625 0.6025846328125 0.6701187140625 0.5971587359375 0.66863245625 0.5922546796875 0.6684760234375 0.5868283937500001 0.6687105265625 0.5839067859375 0.6683976609375 0.5812983625 0.6666766078124999 0.578063571875 0.6673023390624999 0.5779590484375 0.6690233921875001 0.57691575625 0.668945321875 0.5737851015625 0.6673807015625 0.569194228125 0.6663637421875 0.5659594390625 0.6652684203125 0.562620125 0.6650339187500001 0.5613681749999999 0.6637821640625 0.56032449375 0.6621394734375 0.5579247265625 0.6629216375
1 0.5249512484375 0.62333771875 0.5243252734375 0.6152801171875 0.5205686421875 0.6134807015625 0.5153514046875001 0.6136374265625 0.5105514828125 0.6141847953124999 0.5105514828125 0.61973918125 0.51128198125 0.62247719375 0.510760140625 0.62466754375 0.5128471140624999 0.62748391875 0.5143081125 0.6302219296875 0.5143081125 0.633116375 0.513160296875 0.6340549703125 0.5115947734375 0.6339769000000001 0.505438378125 0.6340549703125 0.5081517156250001 0.6365584796875 0.5110733234375 0.6383576015625 0.5121166140625 0.6397657890625 0.5127425890625 0.642738596875 0.515038221875 0.6446160812499999 0.51660374375 0.6468064328125 0.5204645078125 0.651265496875 0.5236992984375 0.6534558484375 0.52578588125 0.6558809937500001 0.527664196875 0.657602046875 0.5284992203125001 0.6593231 0.531003509375 0.6599488296875 0.533611934375 0.6602619890625 0.5380990640625 0.6592447375 0.540916146875 0.6583061406249999 0.543316303125 0.657523684375 0.545194228125 0.658227778125 0.5476989078125001 0.6593231 0.5487422 0.6599488296875 0.545611934375 0.66151345 0.5439422781250001 0.663 0.54310764375 0.6644078953125 0.54310764375 0.6651119890625 0.5458205921875 0.6651903515625001 0.5488467234375001 0.664329825 0.5502031984375 0.663938596875 0.55239430625 0.66362573125 0.55635959375 0.6627652046875 0.5580288609374999 0.6616698828125 0.5591766765624999 0.6601836249999999 0.5593853359375001 0.6592447375 0.559594384375 0.657602046875 0.5584465671875 0.6554897656249999 0.556568253125 0.65447280625 0.5536466453125 0.656193859375 0.551872465625 0.655568128125 0.5526029640625 0.653925146875 0.5554204375 0.6533777781250001 0.5560464125 0.6527517546875 0.5559418875000001 0.6510307015625 0.5554204375 0.648996784375 0.5538553046875 0.64735409375 0.552811621875 0.6471192984374999 0.5498900156250001 0.6474321640625 0.5470725421875 0.6478233921875 0.5452987515625 0.6480581875 0.5441509359375 0.647588596875 0.543211778125 0.6452418125 0.5417511703125 0.6432078953125 0.5404988296875 0.6410175437500001 0.5398728546875 0.6398441515625 0.5388291734374999 0.637731871875 0.5380990640625 0.6365584796875 0.53715990625 0.635619590625 0.53549025 0.6348374265625 0.5334032765625001 0.6338985375 0.5319422781250001 0.632725146875 0.5302730109375 0.630769590625 0.5292293296875 0.62959590625 0.5291251953125 0.6285008765625 0.5286033546875 0.6263105265625 0.5273514046875001 0.6245894734374999 0.52578588125 0.623024853125 0.5249512484375 0.62333771875
1 0.5926860375 0.5330321640625 0.5633701249999999 0.532808771875 0.563966459375 0.5342988296875 0.5677425890625 0.53601228125 0.57032644375 0.5376514625000001 0.572611934375 0.5386944437500001 0.5752952421875 0.5370552625 0.5769844 0.5358631578125 0.5787734015625 0.535192690625 0.5800651328125 0.5348947374999999 0.5821521062499999 0.5348947374999999 0.58572971875 0.535043859375 0.5884126359375 0.5357888890625 0.5893069421875 0.53645935625 0.59109594375 0.53601228125 0.5918907953125 0.5349692984375001 0.5926860375 0.5330321640625
1 0.4671049140625 0.668964034375 0.46350195000000005 0.673993859375 0.463253509375 0.68116608125 0.46735335468750006 0.6823769000000001 0.47567745781250004 0.6883383046875 0.48226248125 0.693368128125 0.48387753437500003 0.6950447375000001 0.48723205937499997 0.6972801171875 0.4909594390625 0.69905 0.4935686421875 0.7000745609375 0.49617745781249994 0.7011923984374999 0.49878666093749996 0.703521053125 0.499283540625 0.7064084796875 0.49828978125 0.7058497078125 0.49630187187499997 0.704824853125 0.4928229328125 0.7030552625 0.49008970312500005 0.701006140625 0.48685920468750005 0.698304678125 0.484250390625 0.6967213453125 0.48052301093749994 0.6953242687500001 0.47729290156250004 0.6947652046874999 0.47207449375 0.6942064328125 0.4700865828125 0.694578946875 0.4704594390625 0.695696784375 0.47195046874999996 0.6967213453125 0.4743108421875 0.6987704671875 0.47592589687500003 0.7007266078125001 0.47729290156250004 0.7025894734375 0.478783540625 0.7051043859374999 0.48015015625 0.707153509375 0.48139274531250004 0.7084576015625 0.48375350937499995 0.70938918125 0.4887230890625 0.710693275 0.49170475781249995 0.7116245609375 0.49021411875 0.7126491234375 0.487108034375 0.7134874265625 0.48126833125 0.7127423984375 0.47828666093749994 0.7117178359375 0.472944228125 0.7117178359375 0.47195046874999996 0.7131149125 0.4714531984375 0.715164034375 0.4723229328125 0.71684064375 0.4723229328125 0.7185172515625 0.4753049921875 0.7201008765625 0.4774169265625 0.7219637421875 0.47766536718749997 0.7225225140625 0.4753049921875 0.7237333328125 0.4755534328125 0.7254099421875 0.4725713734375 0.7262482453125 0.46797464843750003 0.7270868421875 0.466608034375 0.726807309375 0.46449570937500007 0.7254099421875 0.462383775 0.7235470765625001 0.45878081093749995 0.7213116953125 0.4550534328125 0.720287134375 0.45244422812499996 0.7201008765625 0.45182293281249997 0.7218704671875 0.4566684875 0.724106140625 0.4591532765625 0.7264347953125 0.4621353359375 0.7289497078125 0.4652414203125 0.7298809937499999 0.4693412640625 0.7301605265625 0.47443525781250007 0.7288564328125 0.47903198125 0.728111403125 0.48387753437500003 0.7315576015625 0.48859867343749996 0.7358423984375 0.49555616249999995 0.7372394734375 0.5042531203125 0.7388231000000001 0.5144411078125 0.736773684375 0.521895865625 0.7337 0.532331903125 0.7295084796875 0.5377987515625 0.7245716375 0.540656396875 0.7200076015625 0.5399106859375 0.71553655 0.5369290171875 0.7123698828125 0.5338229328125 0.7101342109375001 0.5310897031249999 0.7094821640625 0.5257472703125 0.709947953125 0.5223927453125 0.7100412281249999 0.515683696875 0.7110657890625001 0.512950078125 0.70938918125 0.5122047578125 0.7066880109375 0.5127016375 0.7022169593750001 0.510589703125 0.69783918125 0.506613884375 0.6936476609375 0.497420046875 0.6865684203125 0.4816411859375 0.6766950296875 0.4671049140625 0.668964034375
1 0.41355655156250004 0.7132081875 0.4067230890625 0.7200076015625 0.4042383 0.721497953125 0.40485959375 0.7244786546875 0.406971528125 0.726714034375 0.4105748828125 0.72745935625 0.41392940781250004 0.7269935671875001 0.41802925156250004 0.7235470765625001 0.4147991421875 0.71833099375 0.413183696875 0.717120175 0.41368096718749997 0.716468128125 0.41430187187499995 0.714977778125 0.41355655156250004 0.7132081875
1 0.3718112328125 0.673714328125 0.3745444625 0.6676599421875 0.3725565515625 0.664306725 0.365226209375 0.6634684203125001 0.36398400937500003 0.6690573093750001 0.3602566296875 0.6769745609375 0.360877925 0.679116959375 0.36174765937500003 0.694392690625 0.364108034375 0.6965350875 0.3647293296875 0.698397953125 0.3634871296875 0.7006333328125 0.36945046875 0.7045456140625 0.3725565515625 0.703521053125 0.373177846875 0.7017511703125 0.37280499218749996 0.6973733921874999 0.37404758125000004 0.6995157890625 0.3745444625 0.70026081875 0.3781474265625 0.6992362578125 0.37678081093750004 0.6957897656250001 0.37417160625 0.6911327484374999 0.37168681718749996 0.6879657890625 0.3706930578125 0.6860096484375 0.37081708281250003 0.6838672515625001 0.369202028125 0.6813523390625 0.36858073281250003 0.67874444375 0.3699477375 0.6762292390625 0.3718112328125 0.673714328125
1 0.37740210625000004 0.6692435671875 0.37976248125 0.6713859656250001 0.38001131093749996 0.6632821640625 0.37628393125000004 0.6491239765625 0.3749173171875 0.648285671875 0.360877925 0.6453052625 0.3602566296875 0.646888596875 0.3619961 0.6490309937500001 0.366220359375 0.6513596484375 0.370196178125 0.6520116953125 0.37355070156250003 0.657507309375 0.3744204375 0.659742690625 0.37466887656250003 0.662164328125 0.376532371875 0.6635616953125 0.37740210625000004 0.6692435671875
1 0.3585171609375 0.6584385968750001 0.35901404062500003 0.65285 0.3554110765625 0.6543403515625 0.3520565515625 0.6550853796875 0.3493233234375 0.6542470765624999 0.34497503906250004 0.6531292390625001 0.3411232453125 0.6517321640625 0.343608034375 0.6608605265625 0.3427386890625 0.6614192984375 0.33826599062499996 0.6618850875 0.3347870515625 0.6632821640625 0.33925974999999997 0.66570409375 0.33925974999999997 0.6691502921875 0.34721138906250004 0.6667286546875 0.3505659125 0.669988596875 0.35329914218749997 0.6727830406249999 0.354914196875 0.6736213453125 0.3572749609375 0.6751116953125 0.360877925 0.6698023390625 0.358890015625 0.6672874265625001 0.3585171609375 0.6653312859375 0.3596353359375 0.6619780703125 0.3585171609375 0.6584385968750001
1 0.42610491406250006 0.6165929828125 0.4170354921875 0.6155918125000001 0.4144262875 0.618758771875 0.4146747265625 0.622764034375 0.41492316718750005 0.626396784375 0.41815366562499995 0.6311470765625 0.41840210625 0.6338482453125 0.4169110765625 0.6350590640625 0.41504758124999996 0.6389713453125 0.4146747265625 0.6416725140625 0.41492316718750005 0.644653215625 0.4106989078125 0.6449324562500001 0.406847503125 0.644373684375 0.4036170046875 0.64251081875 0.40237480468750003 0.6383192984375 0.40249882968749995 0.635245321875 0.4026232453125 0.633103215625 0.3993927453125 0.6317058484375 0.39566575625 0.6336619890625 0.3929325265625 0.6364564328125 0.3924352578125 0.63990263125 0.39454758125 0.6449324562500001 0.397777690625 0.6494967843749999 0.40374142031250004 0.6526637421875 0.4119414984375 0.6550853796875 0.4208868953125 0.6563894734375 0.42871411875 0.6568552624999999 0.4361684875 0.6562961984375 0.43765951562499994 0.6551786546875 0.4397714515625 0.6541538015625 0.44424415 0.6557374265625 0.444989859375 0.6573207609375 0.44585959375 0.65909064375 0.448344384375 0.6607672515624999 0.4467293296875 0.6620713453125 0.44660491406249997 0.66300263125 0.448965678125 0.663747953125 0.453065521875 0.663747953125 0.455301871875 0.6641204671875001 0.45791107656249996 0.672689765625 0.46064430625 0.6761362578125001 0.4631290953125 0.6736213453125 0.46412324531250004 0.6711064328125 0.46424727031249996 0.6688707609375 0.4648685640625 0.667473684375 0.46747776874999997 0.6672874265625001 0.4690928234375 0.6676599421875 0.4726957875 0.669429825 0.47679563125 0.67064064375 0.4796532765625 0.6711064328125 0.48201404062500003 0.671292690625 0.4867351796875 0.67073391875 0.486113884375 0.6679394734375 0.49133229375000004 0.6667286546875 0.49331981249999995 0.6683119890625 0.4944379875 0.671478946875 0.49692316718749996 0.6732488296875 0.5008985953125 0.6736213453125 0.5058685640625 0.672689765625 0.509471528125 0.6713859656250001 0.5144411078125 0.666262865625 0.52326248125 0.66318918125 0.526119734375 0.659649415625 0.525374415625 0.6576935671874999 0.5243806546875 0.6538745609375 0.520901715625 0.6521979531250001 0.5170503125 0.6502418125 0.5135713734375 0.6501488296875 0.5141926671875 0.6523842109375 0.50971996875 0.6550853796875 0.5079805000000001 0.6569482453125 0.5042531203125 0.6581590640625 0.5035078000000001 0.65648245625 0.5021411859375 0.65396754375 0.499283540625 0.657227778125 0.49642589687500005 0.6583456140624999 0.4928229328125 0.6584385968750001 0.49021411875 0.6588111109375 0.4895928234375 0.6601152046875 0.48909594375000004 0.660953509375 0.4857410296875 0.66058099375 0.47344110781250004 0.65806608125 0.46511700468750006 0.6548058484375 0.4589048359375 0.6545266078124999 0.4567929015625 0.6544333328125 0.44983541406249994 0.64744736875 0.4457351796875 0.6454915203125 0.4417593609375 0.6442804093750001 0.43989586562499994 0.6440011703125 0.4374110765625 0.641858771875 0.4364169265625 0.6389713453125 0.43542316718749996 0.6369219296875 0.43529875156250003 0.634127778125 0.435796021875 0.6304950296875 0.43604446250000006 0.6273280703124999 0.43604446250000006 0.6250926906250001 0.43604446250000006 0.6235090640625 0.43542316718749996 0.6217394734374999 0.4340565515625 0.619969590625 0.43281396250000004 0.6192245609375 0.4303291734375 0.6195970765625 0.4282172390625 0.6198766078125 0.42610491406250006 0.6165929828125
3 0.39105577187499996 0.5913266078125 0.3830354921875 0.5984988296875 0.3832285484375 0.602918128125 0.3922152890625 0.6110321640625 0.406613884375 0.61617573125 0.4084496875 0.6147991234375 0.40651716093749996 0.6122637421875 0.40071918906250004 0.608496490625 0.3991731671875 0.6058157890625 0.40187870468750003 0.60146900625 0.40110569375000005 0.59813655 0.39849649062500003 0.5949488296875 0.39105577187499996 0.5913266078125
1 0.3885432921875 0.5919786546875 0.37723751875 0.596397953125 0.3717293296875 0.599368128125 0.36525507031250004 0.601976315625 0.362356084375 0.604004678125 0.3599399375 0.6063231 0.36100312031250004 0.6114666671875 0.3620659125 0.61523391875 0.3600366609375 0.6197254390625 0.35771762812499996 0.6218988296875 0.3585873640625 0.6245070171875 0.35926365 0.6255935671875 0.3635156 0.624 0.3637086578125 0.6264631578125 0.36399882968749997 0.629288596875 0.3572344 0.6268976609375 0.35133970312499996 0.626318128125 0.3480542125 0.6275497078125001 0.3399372078125 0.6347219296875 0.3381977375 0.640227778125 0.3383911859375 0.644357309375 0.3406134953125 0.6479070171875 0.343416146875 0.6446470765625001 0.3460249609375 0.6416043859375 0.34776443125 0.6397207609375 0.3508568640625 0.639503509375 0.3509531984375 0.6371850875 0.3511466453125 0.635591228125 0.3573311234375 0.6389961984375 0.3570413421875 0.63682280625 0.36245241875 0.6343596484375 0.3705698125 0.6321137421875 0.373952028125 0.6304476609375 0.374531590625 0.6253038015625 0.373952028125 0.6231304093750001 0.36921684843749997 0.624434503125 0.36883034375 0.622985671875 0.3683471140625 0.6198704671875 0.3663178625 0.6154511703125001 0.36525507031250004 0.611973684375 0.3640951640625 0.6105973687499999 0.3642886109375 0.6091485375000001 0.369120125 0.60690263125 0.37153588125 0.6064678359375 0.37520826875 0.607699415625 0.3781072546875 0.6081342109375 0.379846334375 0.606612865625 0.3805230109375 0.6050190062499999 0.3847745703125 0.6052362578125 0.383131825 0.60335263125 0.382262090625 0.6021210531250001 0.38293876718750003 0.5983538015625001 0.3845815125 0.596542690625 0.38719071718750003 0.5945868421875 0.3885432921875 0.5919786546875
1 0.43560335468750006 0.5977742687500001 0.4346372859375 0.5889903515625 0.42381435312500004 0.59241345 0.42284789375000004 0.5938622812500001 0.42197815937499994 0.5977742687500001 0.41791965624999994 0.6018312859375 0.41531084218750003 0.6036423984375 0.414344384375 0.6038599421875 0.41125195000000003 0.6037874265625 0.409705928125 0.6026283625 0.4074832296875 0.6007447375 0.40564742656249997 0.601396784375 0.40555070156250006 0.6016865499999999 0.404874415625 0.60226608125 0.4037148984375 0.6011792390624999 0.40265171562499996 0.6007447375 0.40158892343749997 0.6021935671875001 0.40207215312500005 0.6036423984375 0.40332839375 0.604366959375 0.40497113906250004 0.604366959375 0.4077734015625 0.60429444375 0.40941614687500005 0.6055985374999999 0.4093194234375 0.607337134375 0.4086431359375 0.608496490625 0.40700039062500004 0.60893099375 0.4052609203125 0.608641228125 0.40226521093749995 0.6063231 0.40023595937499995 0.6045842109375 0.39955967187499997 0.6050190062499999 0.39936622499999996 0.60610555625 0.4008159125 0.607916959375 0.40207215312500005 0.6092207609375 0.40516419687500005 0.6111769 0.40922269843750003 0.613277778125 0.4086431359375 0.6142921046875001 0.4080631828125 0.6163204671875 0.4062269890625 0.619073684375 0.4040046796875 0.6221163749999999 0.4068069421875 0.6226233921875 0.41163845625000006 0.621102046875 0.41811310468749996 0.6154511703125001 0.4220748828125 0.6106698828125 0.42603705156249994 0.60965555625 0.42990210624999997 0.6074821640625 0.43560335468750006 0.5977742687500001
1 0.46845865781249996 0.6087862578125 0.4630471921875 0.6119014625 0.458602184375 0.6142921046875001 0.45811895468749997 0.6144371343749999 0.456186428125 0.6137125734375 0.45608970312499997 0.61262573125 0.4566692671875 0.6105973687499999 0.45695943906250003 0.609003509375 0.45792550624999995 0.605671053125 0.45715249687500004 0.6042219296875 0.456476209375 0.6038599421875 0.45328744218750006 0.6029903515624999 0.44922854843750004 0.6017587718749999 0.44497698906250005 0.60038245625 0.44246450781249996 0.5990783625 0.44120826874999997 0.5971222218750001 0.440531590625 0.595166375 0.439952028125 0.5919786546875 0.439275740625 0.58828391875 0.437536271875 0.5860380109375 0.43628003125000003 0.585385965625 0.43425077968750003 0.5866900578124999 0.43405733281250003 0.5887187140625 0.43483034375 0.5905298250000001 0.43483034375 0.5929929828125 0.43579680156249995 0.5956008765624999 0.435700078125 0.5982090640625 0.4345405609375 0.5998754390625 0.43347776875 0.60146900625 0.43222152812500003 0.6036423984375 0.43067511718749996 0.6065403515625001 0.42912909531250004 0.6092207609375 0.4305787828125 0.6095105265625 0.4345405609375 0.6105973687499999 0.4376326046875 0.6113219296875 0.44169149843750005 0.6121187140625 0.4452667703125 0.6124084796875 0.44719929843750006 0.612915496875 0.4484555375 0.614219590625 0.45077496093749997 0.6163929828125 0.4550265203125 0.618566375 0.461694228125 0.6199429828125 0.4661392359375 0.620015496875 0.46865171562499996 0.619073684375 0.4721306546875 0.6176970765625 0.47348361875 0.615523684375 0.4728069421875 0.61248099375 0.47145436875 0.6094383046875 0.46845865781249996 0.6087862578125
1 0.5526209046874999 0.7073576015625 0.54641965625 0.705265496875 0.5445116999999999 0.7069283625 0.5416493765625 0.7078581875000001 0.540027690625 0.709574853125 0.5398369734374999 0.7117207609375 0.5404091265625001 0.7128649125 0.5423174734375 0.713580409375 0.5460382218750001 0.7132941515625 0.549568253125 0.7128649125 0.5519531984375 0.7116491234375 0.554624415625 0.709431871875 0.5526209046874999 0.7073576015625
3 0.517777690625 0.495969590625 0.505868175 0.4956292390625 0.5016131046875001 0.500454678125 0.49974492968749995 0.5053581875 0.503170046875 0.5091719296874999 0.5134446171875 0.5075374265625 0.515935646875 0.5073818718750001 0.5182187984375 0.5072260234375 0.52340795625 0.5113511703125 0.5254840093750001 0.5134526312500001 0.528493759375 0.5122853796875 0.5318147421874999 0.5248941515625 0.54084399375 0.5238043859375 0.54748635 0.5217029234375 0.547797971875 0.5119739765625 0.544788221875 0.5087827484375 0.5403252734375 0.51057280625 0.538042121875 0.5078488296875 0.540221528125 0.5051245609375 0.536277690625 0.50208918125 0.5317109984374999 0.49920935625 0.526521840625 0.4986646203125 0.5202944625 0.49734152031249995 0.517777690625 0.495969590625
1 0.47268057656250007 0.64548099375 0.47412480468749996 0.642002046875 0.47166419687500005 0.6403172515625 0.46727808125000003 0.6387125734375 0.465245709375 0.63775 0.46513845624999994 0.635904678125 0.46182215312499997 0.6349418124999999 0.45850585 0.635664034375 0.456366225 0.6376695906250001 0.45529641249999997 0.6399961984375 0.455724259375 0.6409590640625 0.45786388437500003 0.6416008765625001 0.459468409375 0.6422426906250001 0.4611801875 0.64103918125 0.462891965625 0.6423228062499999 0.4642827609375 0.6430450296875 0.46567355624999995 0.6436064328125 0.467705928125 0.6439274859374999 0.468989859375 0.6440880109375 0.47268057656250007 0.64548099375
1 0.573606475 0.5190102343749999 0.5716053046875 0.51772719375 0.565627925 0.5165874265625 0.5651212953125 0.5194745609375 0.565019890625 0.522589765625 0.5655265203125001 0.5231216375 0.5657293296875 0.5266166671875 0.5704910296875 0.5288198828125 0.5698829953125 0.5305675437499999 0.5731251953125 0.532087134375 0.5743408734375001 0.528668128125 0.573935646875 0.5244131578125 0.573023790625 0.521222221875 0.573606475 0.5190102343749999
1 0.4460265203125 0.5413701750000001 0.445064353125 0.542461403125 0.45139625624999996 0.544941228125 0.45625936093749997 0.5473725140625 0.4602106078125 0.5500315796875 0.4645670828125 0.5524631578125 0.4692273796875 0.5545903515624999 0.471152496875 0.5558821640625 0.47419188749999996 0.5574017546875 0.47672464843749995 0.559225146875 0.477129875 0.56006081875 0.47946021875 0.5606687140625 0.48239820624999996 0.559908771875 0.4853365828125 0.5605166671874999 0.486653665625 0.5596049703125 0.48867979687499996 0.5542105265624999 0.4901996875 0.5510192984375 0.49182059218749996 0.5492719296875 0.49252964062500004 0.5477523390625 0.48655226249999994 0.5441812859375 0.4826010140625 0.5419780703125 0.4811825265625 0.5409143281250001 0.47794071718750003 0.5404584796874999 0.47621840937500004 0.5397745609375 0.475914196875 0.53833099375 0.47398947031249994 0.5387868421875 0.4727734015625 0.5385590640625 0.4699368171875 0.537495321875 0.465884165625 0.536203509375 0.4554489078125 0.5294415203125 0.45159906406249994 0.5292894734375 0.444912246875 0.522603509375 0.4368069421875 0.5194122812499999 0.4344769890625 0.519184503125 0.43245046875000004 0.519564328125 0.43103198125000003 0.5206280703124999 0.4303229328125 0.520931871875 0.4312347890625 0.5226795328125 0.429613884375 0.524274853125 0.43103198125000003 0.5270102343749999 0.43336232499999994 0.5288336250000001 0.4350846328125 0.530657309375 0.43731357187500003 0.532784503125 0.441467628125 0.53665935625 0.44460842500000003 0.5404584796874999 0.4460265203125 0.5413701750000001
3 0.43835218437499995 0.5343423984375 0.43500857968749995 0.5379894734375 0.434907565625 0.5409526312499999 0.4395678625 0.5410286546874999 0.440783540625 0.5427760234375001 0.44321528906249996 0.5419403515625 0.444532371875 0.5410286546874999 0.43835218437499995 0.5343423984375
1 0.44283970312500004 0.55191228125 0.444374025 0.5558684203125 0.448465678125 0.5564099421875001 0.4512332296875 0.5564099421875001 0.45484360312499994 0.5565002921875 0.45700975 0.558485671875 0.45616731718750003 0.5603807015625 0.4574910296875 0.5614637421875 0.45989781562500004 0.5624564328125 0.46086037500000004 0.5637198828125001 0.4611010140625 0.5653441515625001 0.46134165312500003 0.5667883046875 0.4626653671875 0.5673298250000001 0.463628315625 0.5684125734375 0.4653131828125 0.5703078953125 0.46519266718749996 0.572564034375 0.4657944625 0.5748201749999999 0.46747893906250004 0.576624853125 0.4702468796875 0.5768956140625 0.47289430625 0.5768956140625 0.4744586578125 0.575361403125 0.47734672343750006 0.5768956140625 0.47927223124999996 0.5773470765625001 0.4809570984375 0.576083625 0.48071645937499996 0.573285965625 0.4809570984375 0.5709394734375 0.48059594375000003 0.567961403125 0.47879095156249996 0.565885671875 0.47734672343750006 0.5634491234375 0.47626365000000004 0.5614637421875 0.4751805765625 0.5592076015624999 0.4738568640625 0.5569514625 0.4702468796875 0.5555976609375 0.45339937656249996 0.54621228125 0.4442539 0.54206081875 0.43931981249999996 0.543143859375 0.4360705921875 0.5434146203125 0.43089625624999994 0.5402558484375 0.4241571765625 0.5419707609375 0.4256014046875 0.5483780703125001 0.426684478125 0.5469342109374999 0.4312570203125 0.5471146203125 0.4347468796875 0.55000263125 0.43931981249999996 0.54621228125 0.4453369734375 0.5466634499999999 0.4460588921875 0.5480172515625 0.44317082656249995 0.5508146203125001 0.44283970312500004 0.55191228125
1 0.44629953125000005 0.55902719375 0.44434399375 0.5558593562499999 0.44317082656249995 0.553792690625 0.442809671875 0.55153655 0.4442539 0.549280409375 0.445818253125 0.547746490625 0.4448553046875 0.5463023390624999 0.43980109218749996 0.5461219296875 0.43450624062500004 0.55000263125 0.43197932968749997 0.5471146203125 0.4292113890625 0.5465731 0.42752652031249994 0.5473853796875 0.4248790953125 0.5493707609375 0.4248790953125 0.5461219296875 0.42343525781249997 0.5458511703125 0.421630265625 0.5472049703125 0.421028471875 0.5484684203125 0.4211485953125 0.5509049703125 0.42235218437500005 0.5525295328125 0.423675896875 0.5557783625 0.42078783125 0.55496608125 0.42078783125 0.5533415203125001 0.41958424375 0.5503634500000001 0.419343603125 0.5485584796875 0.41428939218750005 0.548107309375 0.4098369734375 0.5494611109374999 0.40959633437500004 0.5522587718749999 0.4047827609375 0.5525295328125 0.40442160625 0.555056140625 0.405985959375 0.55740263125 0.4014130265625 0.5602906437499999 0.4028572546875 0.56272719375 0.40033034375 0.5657052625000001 0.39912675468750003 0.5674198828125 0.3973217625 0.5671491234375 0.393831903125 0.5665175437500001 0.3934707484375 0.5689540937500001 0.395155615625 0.570397953125 0.3956368953125 0.571661403125 0.392628315625 0.5708491234374999 0.39022191875 0.571029825 0.389499609375 0.572473684375 0.3886571765625 0.5740982453125001 0.38697269843750004 0.5755421046875 0.38516770624999996 0.5740982453125001 0.38324220000000003 0.5740982453125001 0.38300155937499997 0.575361403125 0.38516770624999996 0.576985965625 0.381196178125 0.5779786546875 0.37758619375 0.580325146875 0.3808354140625 0.581137134375 0.382399765625 0.582400584375 0.3845659125 0.58303245625 0.3863709046875 0.5829421046875 0.39022191875 0.5827616953125 0.388777690625 0.5848374265625 0.3901014046875 0.5872739765625 0.3933506234375 0.5880862578125 0.3947944625 0.5906131578125 0.39599805 0.5932301171875001 0.40045046875 0.59422280625 0.4057453203125 0.592688596875 0.40815210625000004 0.5934105265625 0.41176248125 0.5945839187499999 0.4150113109375 0.5928692984375 0.421028471875 0.587815496875 0.42463845625 0.5837543859375 0.42572152812499997 0.5814078953124999 0.42704524218750006 0.578700584375 0.4290912640625 0.5790616953125001 0.4334231671875 0.579964034375 0.4360705921875 0.58014444375 0.4376349453125 0.579512865625 0.43366380624999995 0.5790616953125001 0.43402496093750004 0.5778883046875001 0.43354368125000003 0.574729825 0.4320994546875 0.5731956140625 0.43221996875 0.57139064375 0.4329418875 0.5696760234375 0.4334231671875 0.56778099375 0.4363112328125 0.5676002921875 0.4390791734375 0.569585965625 0.4405234015625 0.5685029234375001 0.44365210624999996 0.566697953125 0.445818253125 0.5656149125 0.448585803125 0.5661564328125 0.4512332296875 0.565434503125 0.4503911859375 0.564261403125 0.44738260468749996 0.5618245609375 0.445818253125 0.5602002921875 0.44629953125000005 0.55902719375
1 0.42443993750000003 0.5454842109375 0.4234173171875 0.5411616953125 0.42185257343749993 0.5388154968750001 0.4267866609375 0.53782280625 0.4303966453125 0.536920175 0.432202028125 0.535385965625 0.43376638125 0.5325885968749999 0.4353307328125 0.530873684375 0.43172035937500003 0.5276248531250001 0.4260647421875 0.525549415625 0.42173245000000004 0.525097953125 0.4235374421875 0.5217590640624999 0.42750857968749995 0.5181491234375 0.43003588125 0.51751754375 0.4353307328125 0.51751754375 0.44255109218750005 0.5173368421875 0.4497714515625 0.5183295328125 0.4566306546875 0.5195929828125 0.46180499218750004 0.520134503125 0.469145865625 0.519322221875 0.46685920468750003 0.516885671875 0.46204563125 0.5159833328125 0.4560288609375 0.5153239765625 0.44628159062500006 0.5144216375 0.4455592828125 0.5126166671875 0.44110686406250005 0.510902046875 0.438579953125 0.5127970765625001 0.43304407187500005 0.51487280625 0.4277492203125 0.5156850875 0.42089001562500006 0.5155947375000001 0.41535452343749996 0.5192947375 0.4146326046875 0.5193850875 0.41342901718749997 0.5161362578124999 0.41222581875 0.5144216375 0.413910296875 0.5091874265625 0.413790171875 0.508375146875 0.41246645937500004 0.508014034375 0.41090210625 0.506479825 0.411503509375 0.504314034375 0.41246645937500004 0.50070409375 0.41294773749999997 0.499350584375 0.40368174687499997 0.502779825 0.40392238750000004 0.5050359656250001 0.4028393140625 0.5066605265625 0.4089765984375 0.5228143281250001 0.40813416562500004 0.5248900578125 0.4052461 0.5250704671875 0.40163572500000005 0.5266950296874999 0.3991088140625 0.5285900578125 0.3962207484375 0.527416959375 0.39393408750000003 0.5268754390625 0.393091653125 0.526604678125 0.39188845625 0.52633391875 0.3886392359375 0.5259731000000001 0.38539001562499997 0.5256119890625001 0.3841868171875 0.5270558484375 0.3737172390625 0.527507309375 0.3746801875 0.52886081875 0.37780889218749997 0.531116959375 0.37985452343750004 0.533192690625 0.3856306546875 0.5359903515625 0.3892410296875 0.5370731 0.3893611546875 0.5386976609375 0.38695436875 0.543262865625 0.38322386875 0.5428116953125001 0.3800951640625 0.54181900625 0.3762445390625 0.5427213453124999 0.3697461 0.5450678359375 0.3620444625 0.547414328125 0.3520561625 0.5501216375 0.34676131093749996 0.552377778125 0.3417070984375 0.5555362578125 0.33605148281249997 0.5605 0.33484789375 0.5657342109375 0.33412597499999996 0.5675388890625 0.33388533593749997 0.5719611109375 0.3343666140625 0.574758771875 0.337014040625 0.573043859375 0.33905967187499997 0.573856140625 0.34615990625 0.5686219296874999 0.3482055375 0.5661853796874999 0.354703978125 0.5626657890625 0.35951754999999996 0.5613119890625 0.365534321875 0.5592365499999999 0.371310453125 0.5574315796875 0.3763646640625 0.5553558484375001 0.37949337031249997 0.55427280625 0.379613884375 0.556528946875 0.37443915781250003 0.55968771875 0.372032371875 0.56338771875 0.371310453125 0.5657342109375 0.372032371875 0.569343859375 0.37347659843750003 0.57376608125 0.3751614671875 0.5745780703125 0.3762445390625 0.5718707609375 0.378891965625 0.5689830406249999 0.382622465625 0.5660950296875 0.3857511703125 0.5630266078124999 0.386713728125 0.5609511703125001 0.3886392359375 0.5622146203125 0.3893611546875 0.5642 0.3902035875 0.56456081875 0.390444228125 0.56663655 0.3934528078125 0.5695245609375 0.39357332343749996 0.5667269 0.3934528078125 0.564380409375 0.39261037499999996 0.56293655 0.3906848671875 0.561492690625 0.3898428234375 0.559777778125 0.3905647421875 0.5578827484375 0.392369734375 0.5553558484375001 0.3940546015625 0.5536412281249999 0.396100234375 0.5525581875000001 0.3977851015625 0.552377778125 0.4012749609375 0.5530997078125 0.4040425109375 0.5519266078125 0.40500546093749995 0.551565496875 0.40777301093749996 0.55093391875 0.41005967187500003 0.5498508765625 0.41114274531249995 0.5489485375000001 0.41210530468749995 0.5484970765625 0.413790171875 0.548226315625 0.41728003124999996 0.547865496875 0.41932566250000003 0.548226315625 0.42052886093749997 0.5484070171875 0.42245436875 0.5473239765625 0.4230561625 0.5469631578125 0.42443993750000003 0.5454842109375
3 0.3586333859375 0.5093970765625 0.3558525734375 0.5032625734375 0.3485039 0.5083418125 0.344845553125 0.509185965625 0.342875975 0.5108742687500001 0.341750390625 0.5144619890625 0.342875975 0.5167833328125 0.34203198125 0.52100409375 0.339499609375 0.5237476609375 0.33865522656249997 0.5296570171874999 0.3423131828125 0.5324002921875 0.3451271453125 0.5332447375 0.34681552187500003 0.53556608125 0.36032176250000003 0.5231146203125 0.3586333859375 0.5093970765625