1 0.516237728125 0.5806180953125 0.5163569421875 0.5806180953125 0.5163569421875 0.58059179375 0.516237728125 0.58059179375 0.516237728125 0.5806180953125
2 0.5194246140625001 0.5891793796875 0.5239617812499999 0.5875852187499999 0.5268856937499999 0.583121515625 0.527894109375 0.5798682265624999 0.5273899015625 0.5765391906249999 0.5233569421875 0.5736643875 0.5139796640625 0.5704868484375 0.507123421875 0.5713190421875 0.504401121875 0.5743453453125 0.5018804343750001 0.5779768546875 0.5023842921874999 0.5823648078125 0.5062159890625 0.5864502890625001 0.51377805 0.589476590625 0.5194246140625001 0.5891793796875
2 0.4668309953125 0.588887953125 0.4663267875 0.5881941078125 0.46995652187500003 0.5874505515624999 0.472174965625 0.5864671218749999 0.4760063109375 0.5831380859374999 0.475300490625 0.5777664390624999 0.47358660625000004 0.5755723296874999 0.4652177421875 0.573453971875 0.4625960734375 0.57224355625 0.456848878125 0.5735297218750001 0.45160589062499995 0.579960546875 0.45291655000000003 0.58692109375 0.4583615 0.5908550765625 0.46441093906250003 0.5912335609375 0.4663267875 0.59024986875 0.4668309953125 0.588887953125
2 0.36999474062500004 0.5266998953125 0.3633727203125 0.5221717515625001 0.3567910234375 0.520726459375 0.3498885 0.5231354546875 0.34571458593750004 0.52735139375 0.34250385625 0.536867175 0.346838359375 0.5418058921875 0.35647019687500003 0.5439739609375 0.360001753125 0.5419263546875001 0.360001753125 0.53843319375 0.362088709375 0.5390355078125 0.3633727203125 0.5391559703125 0.3678678125 0.5374694890625 0.368349228125 0.5334944765625 0.367546634375 0.528315096875 0.36999474062500004 0.5266998953125
2 0.567928821875 0.5031038921875 0.56875 0.4986304578125 0.5649172515625 0.4949326671875 0.5587570125 0.49257022656249994 0.5502699859375 0.4920565484375 0.541782609375 0.49503524531250004 0.5412352734375 0.4996575484375 0.5435624125 0.5036635984375 0.54520511875 0.504074434375 0.5450680218749999 0.5072585484375 0.54780575 0.508080484375 0.5501328890625 0.5099292484375 0.5586202671875 0.5097238296875 0.5536921453125 0.5060260390625 0.5536921453125 0.5048961078125 0.55615638125 0.5046906890625 0.56135799375 0.5036635984375 0.5645066625 0.501609153125 0.567928821875 0.5031038921875
2 0.543151471875 0.4896941078125 0.5497223 0.49133745468749995 0.5564298734374999 0.491542871875 0.5624530156249999 0.49051578124999995 0.56614936875 0.487023409375 0.5609474046875 0.474697528125 0.5539659890624999 0.47233508750000003 0.5456157078125 0.47346501874999997 0.54096143125 0.476032878125 0.5397293125 0.47962782812500004 0.5397293125 0.48445555 0.54000315625 0.4876396640625 0.543151471875 0.4896941078125
2 0.41474333750000003 0.502030246875 0.410217390625 0.501637821875 0.40463604531249997 0.5032719625000001 0.40055224375 0.5051107312500001 0.398102034375 0.5103200953125 0.39987166875 0.51767438125 0.404908134375 0.5203300890625 0.40844775625 0.5213513937500001 0.41579838750000003 0.5196149390625 0.4223323984375 0.51695923125 0.42600806406249997 0.5134863234375 0.42519109374999997 0.5092985265625 0.42029067343750004 0.5090941609375 0.41743197812500005 0.508277221875 0.414845721875 0.5050084171875 0.41474333750000003 0.502030246875
2 0.654352384375 0.4707283015625 0.658849228125 0.465803525 0.6596946 0.45855654843749993 0.661022440625 0.45710704843750005 0.664644459375 0.45910021093750003 0.6654894812500001 0.4562919515625 0.66283345 0.45493292968750004 0.65703856875 0.45348369218749995 0.654140953125 0.4538458703125 0.646897265625 0.4526683328125 0.64448281875 0.45203419218749996 0.63977454375 0.45411783281250007 0.635911290625 0.45828484999999997 0.6349453015625001 0.4616365078125 0.6355490890625 0.4652601265625 0.63820511875 0.468068384375 0.64291339375 0.4714200421875 0.645327840625 0.471238821875 0.639532959375 0.4668001046875 0.642188990625 0.465169646875 0.6456900421875 0.46462598593750004 0.654352384375 0.4707283015625
2 0.563855540625 0.3865612828125 0.5671416546875 0.3842995796875 0.5687265078125 0.37646528125 0.567327840625 0.370729353125 0.5638786812500001 0.367371646875 0.55772580625 0.36562282968750004 0.5526917953125 0.366112571875 0.546352734375 0.3691904265625 0.5441153578125 0.372058390625 0.5441153578125 0.3783537609375 0.5466321875 0.383460284375 0.5534375875 0.38709784375 0.559963184375 0.387587321875 0.563855540625 0.3865612828125
2 0.479161640625 0.396308784375 0.4845687234375 0.395679115625 0.489043478125 0.3938606 0.4923061015625 0.38721515 0.49202664843750005 0.38259836875 0.4907215984375 0.380220146875 0.4867128328125 0.3786812203125 0.483263675 0.37588321874999997 0.4747801546875 0.376512625 0.4689070828125 0.37980036875 0.46676297343749995 0.3837874796875 0.464991584375 0.388194371875 0.464991584375 0.38910389218749997 0.46872054687500003 0.39379063593749997 0.4733818375 0.3960289328125 0.479161640625 0.396308784375
2 0.48414901875 0.39635139375 0.4789751046875 0.4004358234375 0.47608520312499997 0.40533245625000003 0.47683099531249995 0.40876012656249994 0.48158555468750003 0.41400631250000003 0.48941619843749995 0.41701420312500004 0.4965946703125 0.4161049453125 0.5014421453125 0.410299053125 0.503772790625 0.4071512359375 0.501908134375 0.4007156765625 0.49957784062500005 0.3961688578125 0.49454347812500005 0.3938606 0.4907215984375 0.3934408203125 0.48414901875 0.39635139375
2 0.41584607343749996 0.420814571875 0.4099523140625 0.423979746875 0.4066171109375 0.428425565625 0.406708275 0.4326078375 0.40807889218750004 0.435418990625 0.4107289625 0.43891583437500004 0.41548071562500005 0.440561546875 0.4237959328125 0.440561546875 0.4292784015625 0.4367903734375 0.43275070156249995 0.432745134375 0.43156311406250003 0.430071015625 0.43092321250000004 0.42616280937499995 0.42598912968749997 0.4223229875 0.41584607343749996 0.420814571875
2 0.3217286109375 0.49597685468749997 0.323541375 0.48964886874999997 0.323541375 0.48436770156250003 0.31980890624999997 0.480286690625 0.3114908828125 0.47804602812499997 0.3057321171875 0.47940636562499994 0.299546634375 0.482527090625 0.2983737734375 0.486688321875 0.2978404625 0.48972909062500003 0.3008264375 0.495090215625 0.30306591875 0.49821120468749996 0.31053085625 0.5002117312500001 0.31586325312499997 0.49917148906250003 0.31895582031249997 0.4982911625 0.3217286109375 0.49597685468749997
0 0.3647002109375 0.5577301421875 0.369362903125 0.55473119375 0.36803085625 0.550632825 0.361769284375 0.5520323515625 0.354575034375 0.554131509375 0.35217706875 0.560229353125 0.356706871875 0.5589297734375 0.3605701265625 0.5581301953125 0.3633678125 0.556830615625 0.3647002109375 0.5577301421875
0 0.379887446875 0.5354455546875 0.38401753125 0.5365452390625001 0.3908117109375 0.5321467656250001 0.3944088359375 0.5289479218750001 0.392543828125 0.526048921875 0.38907994375 0.5245494484375001 0.381619565625 0.52614886875 0.379887446875 0.5354455546875
0 0.3806868859375 0.5163598109375 0.3960073625 0.52675618125 0.40080364687500003 0.5235573375 0.40306837343749996 0.5199584421875 0.3981392 0.51555996875 0.396140603125 0.5149602843750001 0.39121143125 0.511561546875 0.3832180921875 0.51266123125 0.3806868859375 0.5163598109375
0 0.38055364687500004 0.510062071875 0.3831847828125 0.5124437140625 0.39707328125 0.509862178125 0.3993380078125 0.5074629140625 0.3973397609375 0.5033645453125 0.39467531562499997 0.50386428125 0.392543828125 0.5050639140625 0.390279103125 0.5044639656250001 0.3868152171875 0.5063634921875 0.3848169703125 0.5086625453125 0.3813530859375 0.5079629140625 0.38055364687500004 0.510062071875
0 0.366431978125 0.5037680171875001 0.37635729375000004 0.50369936875 0.3864154984375 0.5010689109375 0.3868152171875 0.4986699109375 0.3806868859375 0.49767017343750003 0.3788218796875 0.49617069999999996 0.3766900421875 0.49407154062499997 0.373359746875 0.49397159375 0.370428821875 0.494671225 0.3677643765625 0.49936954218749996 0.36483345 0.5028682265625 0.366431978125 0.5037680171875001
0 0.30200035000000003 0.49710284062500004 0.2970277 0.4959295109375 0.2946875875 0.49856338750000007 0.29144775625 0.5069374015625 0.2957678828125 0.506599684375 0.3035978265625 0.5069374015625 0.31025771406249997 0.5080178859375 0.31394775625000004 0.50788269375 0.3147580640625 0.5034931609375 0.314397965625 0.501467121875 0.31232784062499996 0.500656759375 0.30287797968749997 0.49842819531250004 0.30200035000000003 0.49710284062500004
0 0.342613253125 0.49668069375 0.32960799375 0.50072435625 0.3323078546875 0.5128127296875 0.3434680921875 0.51024645 0.3445480359375 0.50808521875 0.347248246875 0.5064644921875 0.347068021875 0.5052490796875 0.34625806406250004 0.49964387187500003 0.34427805 0.49856338750000007 0.344908134375 0.4976178328125 0.342613253125 0.49668069375
0 0.3712230015625 0.42469963125000004 0.3733429171875 0.4197506578125 0.37039866718750003 0.41789479218750003 0.3666297328125 0.41948553437499997 0.364863253125 0.42337401406249997 0.3629789625 0.424169384375 0.363449859375 0.4297367171875 0.3638032953125 0.4307088375 0.3666297328125 0.42814623906250004 0.37016304375 0.42664387187499997 0.3712230015625 0.42469963125000004
0 0.373019284375 0.4313853234375 0.3689852734375 0.440783271875 0.3807626234375 0.4424623875 0.38759361875 0.4352159390625 0.383942846875 0.43415544375000004 0.373019284375 0.4313853234375
0 0.40608415156250005 0.43565781093749995 0.40302208906250003 0.4464392421875 0.40902840156250003 0.44847185625 0.40867531562500004 0.4496204625 0.4150350625 0.45059258281250003 0.41397510468750004 0.448118359375 0.41527068749999996 0.44626249375000004 0.4185683734375 0.44555549687499996 0.418686184375 0.44087164687499997 0.41138394062500006 0.4391925296875 0.4074975453125 0.43609968437499996 0.40608415156250005 0.43565781093749995
0 0.4308755265625 0.4672759078125 0.421866059375 0.472811415625 0.42292601718749995 0.47457890625 0.43187657812499997 0.479881115625 0.4356455125 0.4780255125 0.4330543484375 0.47440215625000004 0.4330543484375 0.47157417187500006 0.43364340781250005 0.46980668124999997 0.4308755265625 0.4672759078125
0 0.5330445296875 0.5592661750000001 0.5252124828125 0.5674747499999999 0.5269793125 0.5704794843750001 0.5329856234375 0.5715399796875 0.536401121875 0.5697724875 0.5427608703125 0.56862361875 0.5444098875 0.565707259375 0.5414652875 0.5601399265625 0.5368723703125 0.5576654390625 0.5330445296875 0.5592661750000001
0 0.5150841515625 0.5635865328125 0.5093131140625 0.562084165625 0.5070753859375 0.5652653859375001 0.5061332390625 0.572865596875 0.5108443203124999 0.570567859375 0.51696844375 0.570567859375 0.5150841515625 0.5635865328125
0 0.47975175312499996 0.5650086796875 0.47174333749999997 0.5603166749999999 0.46573667656250006 0.563498159375 0.4597303640625 0.568004996875 0.46079032187499996 0.571716728125 0.466561009375 0.5695957390624999 0.47657187968750003 0.5680933718750001 0.47975175312499996 0.5650086796875
0 0.453723703125 0.5700376125 0.45867040625 0.56862361875 0.47174333749999997 0.560935296875 0.46891655 0.5564281953125 0.4656188640625 0.55209810625 0.4569035765625 0.5546607046875 0.4512507015625 0.5581073125 0.44724614375 0.56385165625 0.453723703125 0.5700376125
0 0.452310659375 0.547767753125 0.45289936875 0.55554445 0.46585448749999997 0.551567859375 0.46644354843749997 0.5406096796875001 0.4592591171875 0.5416701734375 0.45301718125 0.5428190421875 0.452310659375 0.547767753125
0 0.44701051875 0.5524516046875 0.4519277703125 0.555621778125 0.45207503437499996 0.554925828125 0.45219284687499994 0.551391109375 0.4503082046875 0.5493584953124999 0.44583310000000004 0.548386375 0.44194635312499997 0.5470607578125 0.43523317031250003 0.54741425625 0.4345266484375 0.5499771171875001 0.43476227187500005 0.5528051031250001 0.437470896875 0.553865334375 0.44135764375 0.5543072062500001 0.44701051875 0.5524516046875
0 0.4415929171875 0.54741425625 0.4445375171875 0.545646765625 0.44324193593750005 0.5387538140625 0.4439484578125 0.5349537078125 0.439002103125 0.5352188328125 0.43299544218749997 0.53778169375 0.43228892031250005 0.5437025249999999 0.43429102343750003 0.5457351390625 0.43429102343750003 0.5475026296875 0.4415929171875 0.54741425625
0 0.45289936875 0.54043950625 0.45631486718750003 0.5415 0.4677387796875 0.5406162546875 0.4697408828125 0.532486059375 0.4698586953125 0.5285092062500001 0.457963534375 0.52833245625 0.45443057500000006 0.5305418203125 0.45289936875 0.54043950625
0 0.45042601718749997 0.52974645 0.4538415140625 0.530112046875 0.4574926375 0.5279789578125 0.468210028125 0.5281557078125 0.47409852812500003 0.5233834828124999 0.47398106562500003 0.5220578640625 0.46514796562500005 0.515960284375 0.4538415140625 0.5209976328125 0.44995511875 0.5269184640625 0.45042601718749997 0.52974645
0 0.44865953750000004 0.5145528671874999 0.45549053281249996 0.514817990625 0.45631486718750003 0.518529721875 0.463852384375 0.5147296156250001 0.46314586249999995 0.5132272484375 0.46173246875 0.51181351875 0.46243899062500005 0.5085436609375 0.46173246875 0.50483193125 0.461025946875 0.501650446875 0.4540771390625 0.5004134671875 0.4540771390625 0.50218069375 0.450543828125 0.506511046875 0.44865953750000004 0.5069529187499999 0.4466574328125 0.5129621249999999 0.44865953750000004 0.5145528671874999
0 0.475511921875 0.523036559375 0.47704312812499994 0.52365518125 0.483991584375 0.5207390843749999 0.4801051890625 0.508985534375 0.46856346406249993 0.508985534375 0.4636167609375 0.5108414 0.46173246875 0.512520253125 0.475511921875 0.523036559375
0 0.46785659218750003 0.53920541875 0.47518793906249995 0.5371796421874999 0.4837563109375 0.536200946875 0.48999824687500004 0.5332845875000001 0.48799614375000006 0.529042609375 0.4837563109375 0.5274521296875 0.47456977499999997 0.527805365625 0.47091865312500003 0.5300147296875 0.46785659218750003 0.53920541875
0 0.49235378750000003 0.5349637031250001 0.4950624125 0.5373498156250001 0.5016577843750001 0.536289321875 0.5051910937499999 0.5354055765625 0.5069575734375 0.53443345625 0.50530890625 0.5247125203125 0.49659361874999997 0.5258613890625 0.491411640625 0.5285123625 0.49341374531250004 0.5331962125 0.49235378750000003 0.5349637031250001
0 0.50139270625 0.5376212515625001 0.49965567968749997 0.5403542875 0.5011868859375 0.5425636500000001 0.5077819078125 0.5417682796875 0.5077819078125 0.5447730140625 0.5066044875 0.5482196218750001 0.5076644453125 0.5502519718750001 0.5123751750000001 0.549103103125 0.51696844375 0.545568384375 0.51967741875 0.5416799046875 0.5131995093749999 0.538498421875 0.5077819078125 0.53452183125 0.50139270625 0.5376212515625001
0 0.518470196875 0.5477811671875 0.50507328125 0.5513058921875 0.51390638125 0.559789584375 0.523210378125 0.5525431359375 0.518470196875 0.5477811671875
0 0.4750410234375 0.46164387187499994 0.4874070828125 0.45898316718750004 0.48752489531250004 0.45482956406249997 0.48434502031250004 0.448555234375 0.47209642343749997 0.4498808515625 0.4750410234375 0.46164387187499994
0 0.53275 0.49600131562499994 0.5389333796875 0.49521515000000005 0.5384032265625 0.49008048437499996 0.5360476859375 0.48725249843749996 0.523328190625 0.4853966328125 0.51390638125 0.48583850625 0.513317321875 0.4871641234375 0.5207373765625001 0.49485244531249994 0.5270971249999999 0.49785717968750004 0.5294523140625 0.49370357656249997 0.53275 0.49600131562499994
0 0.4480704765625 0.42258705937499996 0.447216690625 0.41658732187499997 0.4387664796875 0.420289321875 0.4393551890625 0.42241031093750003 0.4425354140625 0.42408916406249997 0.44995511875 0.4263869015625 0.4480704765625 0.42258705937499996
0 0.473126928125 0.40388769062499996 0.47468758749999995 0.40199947343750003 0.4723320484375 0.4003203578125 0.46432328125 0.40323671718750004 0.4585525953125 0.40385533906250004 0.45195722343750006 0.4070368234375 0.45278155625 0.40951104687499995 0.45490147187499996 0.410571540625 0.457963534375 0.4104831671875 0.46008345000000006 0.41119016249999996 0.46161465625 0.4113669125 0.46597229999999995 0.415608890625 0.47209642343749997 0.41534376718750005 0.47056556875 0.4181717515625 0.47362762968750005 0.41887848437499997 0.48187166875000004 0.41490189375000003 0.47963394062500003 0.4122506578125 0.47692531562499996 0.4087156765625 0.4758653578125 0.406506575 0.473126928125 0.40388769062499996
0 0.46517741875 0.3854452921875 0.46079032187499996 0.38088506093749996 0.447835203125 0.388219884375 0.4540771390625 0.39422935312499996 0.46514796562500005 0.38777801093750003 0.46517741875 0.3854452921875
0 0.472390953125 0.367113625 0.47445196406249995 0.3629455546875 0.481282959375 0.3563174640625 0.4805764375 0.3541967390625 0.47645406718750005 0.352517621875 0.475276296875 0.3499547609375 0.46891655 0.351280378125 0.461025946875 0.351545503125 0.45678576406250004 0.3598524453125 0.4612612203125 0.3600291953125 0.4640880078125 0.360824565625 0.46514796562500005 0.363917675 0.472390953125 0.367113625
0 0.5186171109375 0.4143787484375 0.523328190625 0.413042609375 0.52262166875 0.4102148875 0.523210378125 0.408182271875 0.5186171109375 0.403498421875 0.5164971953124999 0.402968175 0.51378856875 0.40429379218749995 0.516026296875 0.4117172546875 0.5186171109375 0.4143787484375
0 0.5595389203125001 0.4009910578125 0.5456725109375 0.40185823281250005 0.5422058203125 0.401966596875 0.543216690625 0.408903209375 0.54480575 0.406735403125 0.548561009375 0.40966175624999995 0.5507279109375001 0.411179115625 0.5602608703125 0.40868648125 0.5595389203125001 0.4009910578125
0 0.5612720890625 0.40977012031250004 0.557046984375 0.4118390328125 0.5609831703125 0.421367175 0.5638720203124999 0.42071672812500005 0.568782959375 0.4212588109375 0.5747051187500001 0.4193079953125 0.5697941796875 0.40706049375 0.5612720890625 0.40977012031250004
0 0.559394459375 0.40100394531249994 0.5618499296875 0.40055760156250003 0.5647387796875 0.3943798 0.54986115 0.3925373484375 0.5461055406249999 0.39914860625 0.5481279796875 0.4009910578125 0.559394459375 0.40100394531249994
0 0.5687633234375 0.3659755390625 0.5793657078125001 0.35935744375 0.571577840625 0.35196528125 0.5606002812499999 0.3590055234375 0.567449509375 0.365764334375 0.5687633234375 0.3659755390625
0 0.5939789625 0.37466175625 0.588373071875 0.3751983171875 0.5865901124999999 0.3702701203125 0.580397615625 0.374001315625 0.571671809375 0.3854771171875 0.5806791718750001 0.384562071875 0.5838692140624999 0.3858995265625 0.588935834375 0.378436875 0.5938148671875 0.3763950546875 0.5939789625 0.37466175625
0 0.5753309953125 0.3956856921875 0.5807261578125 0.3963921625 0.5824617812499999 0.393925565625 0.584432328125 0.38611073125 0.580585203125 0.3850547078125 0.5727037171875 0.3856180953125 0.56482258125 0.3885749609375 0.5656669 0.39603761249999997 0.567543478125 0.397657021875 0.5753309953125 0.3956856921875
0 0.6010161296875001 0.4004392421875 0.5868481765625 0.39895239375 0.583095371875 0.40662624999999997 0.5982012625 0.407048659375 0.6010161296875001 0.4004392421875
0 0.60270511875 0.40134613437500005 0.6098359046875 0.3986707 0.6080529453125 0.3879694890625 0.599890253125 0.3890255125 0.5991395515625 0.39831877968749996 0.60270511875 0.40134613437500005
0 0.6088741234375 0.4002632828125 0.6099295234375 0.4026133609375 0.613025946875 0.40296528125000003 0.6252233515625 0.397121778125 0.6209074328125 0.389447921875 0.6102110796875 0.3926159921875 0.6103986671875 0.397121778125 0.6088741234375 0.4002632828125
0 0.57385764375 0.5526301953125 0.5587941796875 0.5557127828125 0.5605546984374999 0.5576209890625 0.5686735625 0.5599697531250001 0.57385764375 0.5582816937499999 0.576400771875 0.556593371875 0.57385764375 0.5526301953125
0 0.64311115 0.5322314578125 0.6283408140625 0.531277221875 0.62658029375 0.5397911625 0.6365575031249999 0.54287375 0.6420350625 0.5369287218750001 0.64311115 0.5322314578125
0 0.655460378125 0.47474750156249995 0.6470480359375 0.4787843234375 0.65008029375 0.48693135156249995 0.6527212484375 0.48788558593750003 0.6547755953125 0.48502314531249996 0.6592748953124999 0.4848761171875 0.6631875875000001 0.4844358234375 0.6616227203125 0.48054576562499995 0.655460378125 0.47474750156249995
0 0.62826753125 0.45720568124999994 0.6276805750000001 0.45449026875 0.627974053125 0.45287532812500003 0.6264091859375001 0.45287532812500003 0.6241591859375 0.453609415625 0.6196598875 0.45581115156249996 0.6134975453125 0.46256365 0.612519284375 0.4646922671875 0.6117366765625001 0.46777485468749996 0.61339971875 0.46909600156250003 0.616431978125 0.46975670625 0.619366409375 0.466160178125 0.626800140625 0.467995003125 0.63227805 0.464618884375 0.62826753125 0.45720568124999994
0 0.62367005625 0.45301446562500003 0.6207356234375 0.44876512343749997 0.6160406734375 0.4455357703125 0.602248596875 0.4498661234375 0.6020529453125001 0.4514808 0.5998032953125 0.45287532812500003 0.597064515625 0.454343240625 0.5960862546875 0.45559100468749997 0.595890603125 0.4583800625 0.5980424265625001 0.4602885328125 0.6013681625 0.46146291406250006 0.6059656375 0.46351788593750004 0.6090957218749999 0.46520594375 0.6115410234375 0.46704103124999996 0.613008415625 0.46197659062499996 0.613692846875 0.4605086796875 0.62367005625 0.45301446562500003
0 0.6437223000000001 0.4412843234375 0.6438201265625 0.43878879531250004 0.64822195 0.43754103125 0.6538951609375 0.42880694375 0.64196178125 0.4249168859375 0.6372664796875 0.4273390328125 0.635408134375 0.435045503125 0.6387338703125 0.4387154125 0.6437223000000001 0.4412843234375
3 0.49917251093750004 0.5943855859375 0.5005718796874999 0.59109153125 0.50187833125 0.5758987375 0.49889235625 0.570507890625 0.49478716718750004 0.57078800625 0.4955336609375 0.57414860625 0.494973703125 0.57638900625 0.48946879374999996 0.576948975 0.48638955156249997 0.582410046875 0.48965532968750003 0.587520778125 0.49917251093750004 0.5943855859375
3 0.4838702671875 0.5798221984375 0.4893986671875 0.576362703125 0.49432047656250006 0.5763916359375 0.4951602390625 0.5747811671874999 0.4935739828125 0.5698103625 0.49133485312499997 0.5668698046875 0.48508345 0.5656796421875 0.478925315625 0.568410046875 0.47649929843749994 0.5696002109375 0.46380960781249997 0.57149079375 0.46315638124999997 0.5725407687499999 0.47472650781250003 0.57597133125 0.48097791093750003 0.5769516046875001 0.4838702671875 0.5798221984375
3 0.4935739828125 0.5507748546875 0.49133485312499997 0.5528753281250001 0.4935739828125 0.555115728125 0.5063569421875 0.5546254609375 0.50682328125 0.5435636500000001 0.5017850625 0.543423725 0.5001988078124999 0.5430736453125 0.4935739828125 0.5507748546875
3 0.4904484578125 0.550378484375 0.4930143765625 0.5495846921875 0.4998253859375 0.542653603125 0.49889235625 0.541183325 0.4939474046875 0.5360023671875 0.48732258125000005 0.5349521296875 0.48172440468750005 0.539293003125 0.48209747500000005 0.5425134140625001 0.48461676093749995 0.5467843234374999 0.48918863906250004 0.550074696875 0.4904484578125 0.550378484375
3 0.51941970625 0.544894003125 0.5192331703125 0.547134140625 0.526324334375 0.55252525 0.5282836609375 0.55588585 0.5318292421875 0.5540654921875 0.5392005609375 0.5490244609375 0.52735063125 0.539222778125 0.51941970625 0.544894003125
3 0.5340687234375 0.5582524984375 0.521099228125 0.5546956859375001 0.515314165625 0.5598064171875 0.5156875875 0.56330694375 0.5238050484375 0.5677177796875 0.5340687234375 0.5582524984375
3 0.54164971875 0.54530405 0.5502805046875 0.5383869015625 0.5435624125 0.53320594375 0.5405767874999999 0.5315255125 0.5346984578125 0.532925828125 0.5316192140625 0.5321557078125 0.5299396921875 0.5356562328125001 0.5316192140625 0.5367064703125 0.5290066625 0.5389468703125 0.53488499375 0.543917675 0.538057503125 0.5459481859374999 0.54164971875 0.54530405
3 0.49616339375 0.5260565484375 0.4953702671875 0.5212872171875 0.4839870265625 0.5212872171875 0.47297685781250004 0.5257680171875 0.4737233515625 0.5272382953125 0.4853863953125 0.52709810625 0.48949193593749996 0.5301086265625 0.49616339375 0.5260565484375
3 0.48473352031249994 0.520867175 0.49453050468750004 0.5210071015625 0.49788955156250003 0.5182067328125 0.494717040625 0.510995528125 0.48109432031250005 0.510435296875 0.48473352031249994 0.520867175
3 0.46432293125 0.5083219359375 0.479998246875 0.5083918984375 0.48167777031250003 0.5100723296874999 0.49352735000000003 0.5105623359375 0.4950203359375 0.5085320890625 0.49474053281249997 0.499780378125 0.49371388437499997 0.49775013125 0.48764901875 0.4983101 0.48587622656249996 0.4995704890625 0.482890603125 0.49887033125 0.47841199218749997 0.5006906890625 0.474959678125 0.4993603359375 0.46329663437499996 0.49880036875 0.46432293125 0.5083219359375
3 0.43040638124999997 0.5306354546875001 0.43395196406250003 0.5325957390625 0.43973702656249997 0.5317556546875 0.44496213124999995 0.5272046296874999 0.45242636718749996 0.5215336671874999 0.4451486671875 0.513482378125 0.43777735 0.51838321875 0.43040638124999997 0.5306354546875001
3 0.3608148671875 0.5110236718750001 0.3469379390625 0.506957390625 0.3439765078125 0.5088198312500001 0.344074334375 0.5116112578124999 0.3423124125 0.5143293 0.34133345 0.5169003156249999 0.3402566625 0.5207935296875 0.3493608 0.5231441343750001 0.3566051890625 0.5208669125000001 0.3608148671875 0.5110236718750001
3 0.3638495796875 0.49706680625 0.3719751046875 0.493099946875 0.3628706171875 0.48604813281250003 0.359640253125 0.4872969484375 0.35709467031250003 0.490675959375 0.3601297328125 0.49706680625 0.3638495796875 0.49706680625
0 0.3482840109375 0.49838900625000004 0.3590525953125 0.49736060000000004 0.35592005625 0.4898679640625 0.35817180937500004 0.48597448749999994 0.346130434375 0.48707653906250004 0.3425080640625 0.49133692812499996 0.3482840109375 0.49838900625000004
3 0.373970896875 0.46998921562499996 0.3808681625 0.472283271875 0.3810757359375 0.461542871875 0.3830133234375 0.45995055156250003 0.37738499375 0.45918884843749996 0.375724053125 0.462096790625 0.373970896875 0.46998921562499996
3 0.4169677421875 0.4760152546875 0.4208429171875 0.4734534453125 0.42979277656250003 0.467707259375 0.42840883593749995 0.4658377171875 0.4264712484375 0.46029905312499997 0.41936640937499997 0.4627916890625 0.41013990156249996 0.466045503125 0.4169677421875 0.4760152546875
3 0.4441865359375 0.4682172546875 0.448430925 0.4644897421875 0.4477847125 0.46095896875 0.4468622015625 0.45908968906250003 0.43929628281250005 0.45756654374999994 0.43431381562500004 0.46158206249999995 0.4336679515625 0.46442056875000004 0.4361591859375 0.46808995312499996 0.4352366765625 0.4633821671875 0.4368050484375 0.46206654374999995 0.43948071562499996 0.4642822203125 0.440772440625 0.46213598125 0.4425255953125 0.4633821671875 0.4428948109375 0.4656667546875 0.4415108703125 0.4661514984375 0.4441865359375 0.4682172546875
3 0.354387446875 0.44363755937500005 0.3566016828125 0.440729615625 0.356786115625 0.43560625937499997 0.3528187234375 0.4309676484375 0.3459908828125 0.43214466093750004 0.3400859046875 0.43442951093750004 0.3420234921875 0.4365063125 0.34239270624999996 0.43989873749999997 0.34368443125 0.442529721875 0.354387446875 0.44363755937500005
3 0.3502352734375 0.4312446078125 0.35918513281250003 0.428267753125 0.3611227203125 0.425428984375 0.360569075 0.42293661250000003 0.35041970624999996 0.41899053124999996 0.3407317671875 0.4218982109375 0.3402703359375 0.424944503125 0.34340743281249997 0.42729852656249995 0.3495894109375 0.427713834375 0.35235729375 0.4285447140625 0.3502352734375 0.4312446078125
3 0.3780077140625 0.44280668125 0.37007258125 0.44176801718750003 0.3686886390625 0.44571436093749994 0.3741325390625 0.4462682796875 0.3768082046875 0.4484836921875 0.3808681625 0.44945291875000004 0.3845585546875 0.4470991578125 0.3880648671875 0.44502209375 0.3893565921875 0.44059126718749997 0.38778821875 0.43671409843750003 0.38215988749999996 0.4420449765625 0.3780077140625 0.44280668125
3 0.3739940390625 0.43083298281250004 0.38746528750000003 0.43477932656249996 0.38903366093749997 0.43249473906249997 0.3893103078125 0.423286690625 0.3784228609375 0.4205865328125 0.3739940390625 0.43083298281250004
3 0.4045347125 0.4162285640625 0.408317671875 0.420036559375 0.410901121875 0.4212827453125 0.41634467031250005 0.4197596 0.41726753125 0.4150515515625 0.4175441796875 0.41131299375 0.412838709375 0.409928459375 0.4088709671875 0.41020541875000005 0.404626928125 0.412143871875 0.4045347125 0.4162285640625
3 0.4371279796875 0.4013669125 0.44358660624999996 0.403859284375 0.45364375937499996 0.3981130984375 0.4566886390625 0.39423592812499997 0.4445094671875 0.39181272968749997 0.44128015468750004 0.3954821140625 0.4371279796875 0.4013669125
3 0.4603793828125 0.4032361921875 0.4656385 0.40150552343749996 0.4716360453125 0.4006746453125 0.4728355546875 0.39852840624999997 0.46988288906250003 0.3952051546875 0.46711500624999996 0.3922280375 0.46397791093749996 0.3901512359375 0.4566886390625 0.3937511828125 0.45613499375 0.3969360859375 0.458810659375 0.3956899 0.45862622656249996 0.3978361390625 0.45807258125 0.39984376718750003 0.45816479687499995 0.4009516046875 0.4603793828125 0.4032361921875
3 0.4529018234375 0.3700928453125 0.46152489531249996 0.37379011093750003 0.4627566625 0.37345397187499996 0.4686921453125 0.3659752765625 0.463876578125 0.3645465546875 0.4633166203125 0.3606812203125 0.45592531562499994 0.3605973171875 0.4529018234375 0.3700928453125
3 0.5715823984374999 0.3706002109375 0.577209678125 0.3753137828125 0.583453015625 0.3716086265625 0.5873727203125 0.36883561249999997 0.5819971953125 0.36261730625 0.577741584375 0.360264334375 0.572366059375 0.363457653125 0.5676626921875 0.367827196875 0.5715823984374999 0.3706002109375
3 0.5830052593749999 0.3945431359375 0.587708625 0.3979042609375 0.5966679515625 0.3987446078125 0.5987955828125 0.395887690625 0.59868373125 0.39017332968749996 0.5989077843749999 0.38798869062499997 0.5937563109374999 0.3808458703125 0.590060659375 0.3793332453125 0.5847969843749999 0.385719884375 0.5830052593749999 0.3945431359375
3 0.5996914453125 0.38714834374999996 0.60663499375 0.38042582812500003 0.5983478265625 0.3736191484375 0.59073246875 0.378745134375 0.594539971875 0.38050973125 0.5996914453125 0.38714834374999996
3 0.6070441796875 0.3799613359375 0.6174975453125 0.3740531296875 0.6180950203125 0.372409521875 0.6178958625 0.369720146875 0.6149091859375 0.364789846875 0.6116237734375 0.364789846875 0.6082387796875001 0.3656862171875 0.6073425671875 0.36501394062500003 0.598581696875 0.3716625453125 0.5989800140625 0.37278300937500003 0.6070441796875 0.3799613359375
3 0.6395 0.38747264531250003 0.63492040625 0.388219621875 0.6350199859375001 0.3912824828125 0.6351195656249999 0.397109415625 0.634820828125 0.402264071875 0.6406946 0.40218937343750005 0.642088359375 0.4036086265625 0.6519446 0.4011433453125 0.6523429171874999 0.3989771171875 0.652143759375 0.3954658078125 0.65075 0.3929260921875 0.6510487375 0.389340084375 0.64527419375 0.386127828125 0.6433825390625 0.3860531296875 0.6413916546875 0.387995528125 0.6395 0.38747264531250003
3 0.6093586953125001 0.4062209359375 0.6197128328125 0.4097319828125 0.62588534375 0.4068185171875 0.6280757359375 0.40360625937499994 0.62707994375 0.3998711203125 0.6236949515625 0.3994229359375 0.6126441093749999 0.40360625937499994 0.6093586953125001 0.4062209359375
3 0.6044803640625 0.4086115203125 0.6066707578125 0.4123542875 0.606571178125 0.4159324046875 0.605973703125 0.4184723828125 0.6072678828125 0.4195928453125 0.6147349234374999 0.4233279859375 0.616327840625 0.4227304046875 0.618119915625 0.41660468125000005 0.6171241234375 0.4092091 0.6076661984375 0.4064450296875 0.6044803640625 0.4086115203125
3 0.600796634375 0.4205641765625 0.6051774187500001 0.4175820625 0.6057745437500001 0.41137559218749997 0.6038832390625 0.408760915625 0.6006970546875 0.40719200468750005 0.5963166203125 0.4076401890625 0.5912391296874999 0.40801394062499996 0.5903432671875 0.41242135781249994 0.5909403921874999 0.41660468125000005 0.591936184375 0.41877117343750003 0.594723703125 0.41989163593749995 0.600796634375 0.4205641765625
3 0.531314165625 0.44236322968749997 0.5250168296875 0.4371049453125 0.520352384375 0.4357048921875 0.5185582046875 0.437912678125 0.516764025 0.441951340625 0.514109046875 0.4443206203125 0.517768934375 0.44674381875 0.5179123421875 0.4497593375 0.5221465640625 0.45099789531249995 0.527672159375 0.4510518140625 0.5298969140625001 0.4502977375 0.53169109375 0.4493285109375 0.5316192140625 0.44825170937500003 0.53061465625 0.44803629687499996 0.5311886390625 0.446043925 0.531314165625 0.44236322968749997
3 0.5321931984375 0.44173592812500007 0.5398001406249999 0.44959784375 0.5426707578125 0.448682271875 0.554152875 0.43925907343750004 0.5553727203125 0.43635113125 0.5504929875 0.4340896890625 0.542957925 0.43236638593750004 0.5395133234375 0.43306654375000003 0.5321931984375 0.44173592812500007
3 0.5646304343749999 0.4463669125 0.5547268578125 0.4405512890625 0.5547987375 0.4405512890625 0.5536504203125 0.4402822203125 0.542957925 0.448466859375 0.5543681625 0.4545518140625 0.5646304343749999 0.4463669125
3 0.5666399015625 0.4512669640625 0.557597475 0.45288242968750003 0.5530045578125 0.455251709375 0.5547268578125 0.45627485468750006 0.557956521875 0.46289821093750005 0.574390253125 0.461713571875 0.5774042781250001 0.4603674375 0.57489235625 0.45955970468749996 0.574390253125 0.4570289328125 0.57080189375 0.45745949531249996 0.5693667609374999 0.45632877499999996 0.5666399015625 0.4512669640625
3 0.583755259375 0.48318911093750005 0.5752871671875 0.48308153593750003 0.568397965625 0.48652761718750004 0.5691872375 0.4908356125 0.574497896875 0.492235665625 0.577942496875 0.48803550781249994 0.583755259375 0.48318911093750005
1 0.4862633234375 0.5842225140624999 0.48033345 0.587128090625 0.46978190781249995 0.5878648078125 0.46839165468750005 0.5875578640625 0.4674919359375 0.5882330359375 0.46642847187500003 0.5905036828125 0.46471072968750005 0.594124934375 0.465855890625 0.5956591265625 0.46651016875 0.59578195625 0.46724649375 0.5975005265625 0.4699456515625 0.5989121515625 0.47403541406249994 0.6056017890625001 0.47534396875 0.6108800624999999 0.473217390625 0.610143609375 0.46462903281249995 0.6116778015625 0.46307503437499997 0.612659915625 0.47133625468749996 0.6122301421875 0.47305364687499996 0.6112482906250001 0.475834853125 0.6133963703124999 0.4764074328125 0.6151762234375 0.47853401093750003 0.623084165625 0.4799246140625 0.630387690625 0.48262377343749996 0.6343156234375 0.4848320484375 0.6325357703125001 0.48695862500000003 0.62983535 0.4885946703125 0.626950815625 0.488921809375 0.6247414515624999 0.48785834531249994 0.622286428125 0.4865497890625 0.6178061546875 0.4864677421875 0.612650709375 0.4885946703125 0.6143692796875 0.4891672515625 0.617683325 0.4888397609375 0.6206906890624999 0.4888397609375 0.623391109375 0.4893306453125 0.626643871875 0.4922752453125 0.6278713828125 0.49342040625 0.6271349296875 0.4936658484375 0.625232246875 0.493174965625 0.6239434515625 0.4950561015625 0.621365859375 0.49579242656250005 0.6201383484375 0.4950561015625 0.618849553125 0.494074684375 0.6180515515625 0.4938292421875 0.617008153125 0.4932566625 0.6143692796875 0.492029803125 0.61068674375 0.4895760875 0.607802209375 0.489085203125 0.60461073125 0.49088464218750005 0.60522435625 0.492438990625 0.6044879015625 0.49186640937500004 0.6032603890625 0.49063920000000005 0.602032878125 0.4888397609375 0.60117385625 0.48753120625 0.6006212515625 0.48663148593749994 0.59994634375 0.48565007031249996 0.5971935828125 0.485568021875 0.592283534375 0.48638604531249996 0.5909334562499999 0.48794004218750003 0.5905036828125 0.49113008437500005 0.5909947390625 0.49603786875000005 0.5931428203125 0.4943201265625 0.591485796875 0.49186640937500004 0.5893377171874999 0.48982152812499996 0.5882943187499999 0.4888397609375 0.5869439765625 0.488349228125 0.5863916359375 0.48638604531249996 0.5843663859375 0.4862633234375 0.5842225140624999
1 0.42705329531249997 0.568406365625 0.43347335156250005 0.565023934375 0.43808765781250003 0.569081009375 0.44159887812500004 0.572468175 0.44631346406250005 0.573973434375 0.449724053125 0.57352183125 0.4555424265625 0.5720165703125 0.46045792499999993 0.570511046875 0.4593541375 0.5689303 0.456043828125 0.569758284375 0.448018934375 0.5725433984375 0.44340427812499994 0.570511046875 0.4386896921875 0.56644634375 0.4402945296875 0.56576906875 0.440595721875 0.5646399265625 0.43999368906249997 0.5630591796875 0.4384891296875 0.5617795890624999 0.43718478281250006 0.5600483953125 0.4384891296875 0.5579408203125 0.4367836609375 0.5562096265625 0.43497791093749993 0.5556130984375 0.4343762265625 0.5512472390625 0.4335736328125 0.54808574375 0.4339747546875 0.5452256703125 0.432369915625 0.5440213046875 0.43317251093750003 0.53830063125 0.43327279062499996 0.5352146234374999 0.43156732187499997 0.5352146234374999 0.4288586953125 0.5365694375000001 0.42775525937500003 0.53792425 0.4281567328125 0.5425910046875 0.425147265625 0.5371017890625 0.42544810625 0.5349942140625 0.43267075781250003 0.5268650703125 0.438789971875 0.518058390625 0.44561114999999996 0.5131767484374999 0.4481192140625 0.508058390625 0.45022580625 0.5070799578125 0.45032608749999997 0.50580036875 0.453435834375 0.5018861125 0.45373667656250005 0.5002301421875 0.45183064531249995 0.5012088375 0.4514295234375 0.49932693281249996 0.4505266484375 0.49654208281249995 0.4508274890625 0.4930042078125 0.4513292421875 0.4913482375 0.45263323906249997 0.4895418203125 0.45373667656250005 0.4878106265625 0.4517303640625 0.4871330875 0.448018934375 0.48750946875 0.4469154984375 0.4845739078125 0.4454105890625 0.47704681718749997 0.443303996875 0.4703477125 0.4431034359375 0.46778826875 0.44159887812500004 0.46688506093750004 0.4353793828125 0.4689174125 0.43277103749999996 0.4723798 0.43557994375 0.4791543921875 0.44390603124999994 0.48893950625000004 0.44189971874999995 0.493748553125 0.44089656406250005 0.496006575 0.4375862546875 0.49894213593750003 0.43718478281250006 0.500824040625 0.43568022500000003 0.5006733296875 0.43297159843750005 0.5006733296875 0.4316676015625 0.5008992640625001 0.4303636046875 0.5018776953125 0.428658134375 0.502555234375 0.4284575734375 0.5018024718749999 0.42895897656250004 0.5008992640625001 0.42895897656250004 0.5002217250000001 0.4284575734375 0.498716465625 0.4284575734375 0.49758732187500004 0.42775525937500003 0.49758732187500004 0.4253478265625 0.49788847968749994 0.4238432671875 0.498340084375 0.4234417953125 0.498716465625 0.42284011250000003 0.5002972125 0.42013148593749994 0.5005228828125 0.4156174609375 0.49849053125 0.4147145859375 0.4993185171875 0.41491514687500003 0.50202840625 0.41531626875 0.505039190625 0.4165203359375 0.5075231453125 0.42033204843750005 0.5091038921875 0.42434467031249995 0.5089531828125 0.430564165625 0.507824303125 0.43226963593749995 0.5097811671875 0.4298618515625 0.5126415046874999 0.42895897656250004 0.513394265625 0.4276549796875 0.51640505 0.41672089687499997 0.5279855343750001 0.4096988078125 0.526931878125 0.3998681625 0.5285878484375 0.3981626921875 0.532501840625 0.40327875156250004 0.5501906890625 0.41571774218749996 0.563137296875 0.417724053125 0.5664492375 0.417724053125 0.5735247234374999 0.4172223 0.577514203125 0.4185266484375 0.577815096875 0.4238432671875 0.5760086796875 0.4224386390625 0.56818043125 0.42705329531249997 0.568406365625
1 0.339428821875 0.555900053125 0.338425665625 0.5615736453125 0.33531591875 0.567068384375 0.3313032953125 0.5718106265625 0.3324067328125 0.5781333515625 0.3334098875 0.579638875 0.335717390625 0.578735665625 0.3346139546875 0.5818216734375 0.3397296640625 0.5849831671875 0.34253856875 0.5837787999999999 0.347754909375 0.5715846921875001 0.358588709375 0.566391109375 0.3592910234375 0.5725633875 0.36230049062499997 0.573090215625 0.363303646875 0.5702298796874999 0.365109396875 0.56940189375 0.3644070828125 0.5666922671875 0.366112553125 0.5633048390625001 0.3713288921875 0.5596920046875 0.3716297328125 0.5633048390625001 0.37443863906249997 0.5648855859374999 0.37704663437499997 0.5636812203125 0.37835063125 0.5616488687500001 0.3780497890625 0.5585628609375 0.3785511921875 0.556229353125 0.37674579218750004 0.552390584375 0.376946353125 0.549229353125 0.3816609390625 0.5449387171875 0.382563815625 0.5415515515625 0.3826640953125 0.5395944234375001 0.38376753125 0.5373364015625001 0.38567356249999996 0.5366588640625001 0.387078190625 0.535153603125 0.38196213125 0.53643319375 0.3785511921875 0.5352288265625 0.38055750312500003 0.5313203578125 0.380657784375 0.5248469234375001 0.387078190625 0.524546028125 0.3876798734375 0.5229652812500001 0.3849715984375 0.521760915625 0.3811595375 0.519051025 0.3802566625 0.5163414000000001 0.375140603125 0.5122201468750001 0.373234571875 0.514384271875 0.370124825 0.5140078906250001 0.366112553125 0.515814571875 0.3676171109375 0.5195026296874999 0.3675168296875 0.5225136765625 0.36641339375 0.5230405046875 0.36731626875 0.5239437140625001 0.3690213890625 0.52582561875 0.3672159890625 0.531546028125 0.36711570781249997 0.5376430828125 0.339428821875 0.555900053125
1 0.332754909375 0.5170402421875 0.33401472656250003 0.513122040625 0.3320764375 0.5125313 0.32897475468750004 0.500822725 0.340314515625 0.4976228296875 0.343706871875 0.49304129375 0.3428345015625 0.4918776953125 0.34438534375 0.48904129375 0.33953927031250003 0.4863506046875 0.332561009375 0.48642319843750004 0.323644109375 0.502859021875 0.32228751718750004 0.502350078125 0.3221903921875 0.5082406625 0.320446003125 0.5117314578125 0.32083344999999996 0.51238585 0.32209361875 0.5303490265625 0.324904278125 0.5323853234375 0.3285873078125 0.533403471875 0.333820828125 0.5245310359375 0.332754909375 0.5170402421875
1 0.3818692140625 0.4737716984375 0.36544109375 0.47289347656249997 0.3383032953125 0.46707548593750003 0.33413569375 0.4676572859375 0.3271574328125 0.472457128125 0.3240561015625 0.47638427187500004 0.320470196875 0.47965702187500003 0.3234747546875 0.484093109375 0.3260915140625 0.48358416562500006 0.33103436249999996 0.48598395625 0.35429523125 0.4845294578125 0.36437482499999996 0.48569305625 0.371546984375 0.490856390625 0.382208275 0.4966149390625 0.3924817671875 0.49894213593750003 0.38753892031250003 0.5013421890624999 0.372807153125 0.5043966328125 0.3665073625 0.503596528125 0.362824334375 0.5046146765625 0.36088569375 0.5047601265625 0.3572997890625 0.507814571875 0.35603997187499997 0.5087601265624999 0.3570091171875 0.509196475 0.3602075734375 0.5105781171875 0.360498246875 0.5121780640625 0.360401121875 0.5145781171875 0.3577843625 0.519087059375 0.35768758749999996 0.5198869015625001 0.359431978125 0.519232509375 0.36321178125000003 0.5133416625 0.366119565625 0.5119600203125 0.370383940625 0.50926906875 0.37115953749999997 0.5081783265625 0.3778467734375 0.50912361875 0.3819176015625 0.507523671875 0.38492215937499996 0.5085418203125001 0.386569775 0.5060691734375 0.390543478125 0.5041783265625 0.4003323984375 0.5025057859375 0.401592215625 0.499669384375 0.41390112187500006 0.50126933125 0.41477349218750004 0.4985057859375 0.41603366093750005 0.49828774375 0.4213639546875 0.500033140625 0.4225269984375 0.49836033593750007 0.42417496562499996 0.496542346875 0.44142671875 0.4943606 0.44336500624999997 0.48992424999999995 0.44278366093750005 0.48825170937499995 0.4391974046875 0.4855607578125 0.4388096078125 0.48396080937499997 0.435126928125 0.4833790109375 0.43173457187500003 0.48454260937500004 0.4270823984375 0.48381536093750005 0.4253380078125 0.48228826874999997 0.42504698437500005 0.480542871875 0.4253380078125 0.4793792734375 0.4246595375 0.47850657500000005 0.42184887812499994 0.47719752812499994 0.41845652187500004 0.476470278125 0.41661500625 0.477342978125 0.41341655 0.476979484375 0.4107997890625 0.4782156765625 0.4080859046875 0.47661572812499997 0.40779523125 0.47488164062499993 0.40837692812500004 0.471536296875 0.409539971875 0.47073645468749997 0.41409502031249995 0.471390846875 0.40992741875 0.4670273546875 0.4104119921875 0.4652093640625 0.41283520312500005 0.46331851718749995 0.41002454374999997 0.4607732765625 0.40498457187500003 0.457936875 0.40343373125 0.4552461859375 0.4036276296875 0.452846134375 0.40391830312500004 0.45051893749999994 0.4021739125 0.4511007359375 0.40256171093750004 0.4475373484375 0.40634151406249996 0.43380194687499996 0.4079891296875 0.42027538125 0.40353085625 0.41518463906249997 0.3968432671875 0.4094392421875 0.39364481093750003 0.40849395 0.38753892031250003 0.4097301421875 0.3813359046875 0.410166490625 0.373970196875 0.4099484484375 0.3712563109375 0.4097301421875 0.3681549796875 0.41147553906249995 0.3668948109375 0.4130754859375 0.36767040624999997 0.41496633281250006 0.3665073625 0.4170026296875 0.3741640953125 0.41962072656249993 0.37222545625 0.4255115734375 0.3640841515625 0.43067490781249995 0.360401121875 0.43147475 0.3574936890625 0.433874803125 0.35710589062500003 0.4364928984375 0.3578814859375 0.43780194687499996 0.357203015625 0.4386746453125 0.3553615 0.4440562859375 0.36107959375 0.4442743296875 0.3651504203125 0.4407109421875 0.3680578546875 0.44085639062500004 0.369511921875 0.437220146875 0.3681549796875 0.4359836921875 0.3709656375 0.4322019984375 0.373679171875 0.42900236718749996 0.378428471875 0.419766175 0.3903495796875 0.4159118890625 0.3924817671875 0.4178027359375 0.390640253125 0.4229660703125 0.3886051890625 0.4343837453125 0.38773281875 0.43634744843749995 0.38986500625 0.4388926875 0.385116059375 0.45241951562500005 0.38143302968750004 0.4501651765625 0.3741640953125 0.446892425 0.34324649375 0.44325618125000005 0.33752805 0.4439108359375 0.33413569375 0.4461588640625 0.3268667609375 0.4552493421875 0.3271574328125 0.4645581265625 0.3300652171875 0.46026722812500004 0.3351051890625 0.4668853234375 0.33888499375 0.46608521875 0.34334326718749997 0.46026722812500004 0.3487706875 0.459830878125 0.358366059375 0.460630984375 0.3579782609375 0.46237638125 0.35885063125 0.46237638125 0.35952910312499997 0.461576275 0.36563499374999997 0.46281272968750004 0.3729039265625 0.459830878125 0.3785252453125 0.45779458125000005 0.38356521718750003 0.459758284375 0.382208275 0.46179458125000006 0.3818692140625 0.4737716984375
3 0.42863323906249995 0.45764913281249997 0.42291479687500005 0.4558311421875 0.41690567968750003 0.45190399843750007 0.4141921453125 0.45081325625 0.40517847187499995 0.4497222515625 0.40411220156249994 0.4558311421875 0.4059537171875 0.45823093125 0.40924894843750004 0.46019463437499997 0.41205960781249995 0.46281272968750004 0.4141921453125 0.463830878125 0.41913499375 0.46295817968749997 0.4235932671875 0.46179458125000006 0.4268885 0.459903734375 0.42863323906249995 0.45764913281249997
1 0.3521872375 0.42842319843750004 0.34433660625 0.4277759078125 0.3384246140625 0.42806680625000004 0.33076788281249997 0.4291578109375 0.3218513328125 0.4334484484375 0.31807117812499996 0.43075775937499994 0.317102034375 0.43221225625 0.3144852734375 0.4351212515625 0.3107054703125 0.4367937921875 0.30789481093750004 0.43963019531249997 0.305180925 0.4424663328125 0.2945196359375 0.44661152031249995 0.2938411640625 0.45548395625 0.29684572187499997 0.4559931609375 0.2978148671875 0.4540294578125 0.301401121875 0.45439321406250005 0.3139035765625 0.4505386640625 0.3250494390625 0.441884534375 0.3320277 0.4355576015625 0.34414270625 0.43250315625 0.35102419375 0.42981220468750003 0.3521872375 0.42842319843750004
1 0.34758345 0.4192443453125 0.3468082046875 0.41658258750000005 0.3468082046875 0.41636428125 0.348261921875 0.4122190953125 0.351557153125 0.411055496875 0.3496188640625 0.410691740625 0.3500066625 0.4099644921875 0.35465883593749997 0.411273540625 0.3579540671875 0.41265544375 0.361539971875 0.41309179374999994 0.3654169 0.4124371390625 0.3669677421875 0.41185533906250005 0.3677429875 0.40909179375000004 0.367064515625 0.40734639687499996 0.36425385625 0.40734639687499996 0.3645445296875 0.411055496875 0.3625091171875 0.411128090625 0.36076472656249997 0.41156443906250006 0.3574694953125 0.411491846875 0.35543408125 0.40880089374999995 0.350491234375 0.407491846875 0.3473895515625 0.4087283015625 0.3453544875 0.410982640625 0.34273737656250003 0.41425539218749996 0.3441914453125 0.42065518125 0.34758345 0.4192443453125
1 0.4611314859375 0.49013571875000006 0.4649154984375 0.49433193124999997 0.46837061718750006 0.49630668125 0.47338884999999997 0.4971707 0.475363253125 0.497602578125 0.47577454374999995 0.498466596875 0.47816058906250003 0.49920699687500003 0.48120441718749996 0.49871330937499997 0.4826851328125 0.49797290937499994 0.48597580625000003 0.498096265625 0.487703365625 0.497602578125 0.4905827484375 0.49241899062499994 0.49132293125000004 0.492233825 0.490664796875 0.4939615984375 0.49255680156250004 0.494764071875 0.49362657812500005 0.49519595 0.49403786875 0.49630668125 0.4953541375 0.49828143125 0.4960943203125 0.49970068437500004 0.49699929843749996 0.500441346875 0.5007836609375 0.50469936875 0.501112553125 0.506735665625 0.5016062406249999 0.5092659125 0.5031693546875 0.5109936875 0.50629523125 0.5137706468750001 0.5081875874999999 0.515622040625 0.5095859046875 0.5175967906250001 0.5104088359375 0.5179053125 0.5113134640625 0.5169179374999999 0.512053996875 0.515498684375 0.51328786875 0.515251709375 0.514192846875 0.5150665437499999 0.5145220890625 0.51457285625 0.5144396921875 0.513523934375 0.5135347125 0.51235139375 0.5121363953125 0.51087033125 0.5092570125 0.5090189374999999 0.5085164796874999 0.507352971875 0.50602419375 0.502733825 0.50602419375 0.5012080484375 0.5058099578124999 0.500083640625 0.5046325390625 0.49903971562500005 0.5033478265625 0.49759442343750004 0.50163499375 0.49647001562500004 0.5007787515625 0.495506575 0.50088569375 0.49462309375 0.5017422859375 0.4940610203125 0.5025985281249999 0.492936875 0.5036690046875 0.49221409843749997 0.5043113609375001 0.491732246875 0.5051679515624999 0.4907685421875 0.50602419375 0.48996554375 0.50666655 0.48940347187500005 0.5079512625 0.4888414 0.5083793828125 0.487797475 0.5096640953125 0.4866730671875 0.5108415140625 0.48635192031249996 0.51169810625 0.48611099375 0.5127685828125 0.48595028906250004 0.5134109390625 0.485227775 0.5149095375 0.4844245140625 0.5168366062499999 0.48378222031250007 0.5195126234375 0.4830594421875 0.5207973359375 0.48201551875000004 0.5226171109375 0.480650446875 0.5260427765625 0.47920489218749995 0.5278629031250001 0.47904445000000007 0.5302180921875 0.47848211406249996 0.532680225 0.4780002625 0.5355704765625 0.47695633906249996 0.5376044875 0.476233825 0.5400666203125 0.47470804843750003 0.5415655687500001 0.4743064171875 0.5439207578125 0.47350341875 0.54520511875 0.4726202 0.5462755953125 0.47117464531250003 0.5469179515625 0.4695686484375 0.5476676015625 0.46836401875 0.5478814859375001 0.4669184640625 0.5489519640625 0.46483061562500005 0.5495943203125 0.4631443984375 0.5497016125 0.46226091562500005 0.549380434375 0.4616988421875 0.5484169 0.461297475 0.5475603078125 0.4613776953125 0.5471321875 0.46201998906249997 0.5459547687499999 0.4627427671875 0.544348878125 0.46362625 0.5424218093750001 0.4645896890625 0.5401739125 0.46627617031249996 0.5391034359375 0.46659731718749997 0.537283309375 0.4677214625 0.53642706875 0.46820331406250004 0.533536465625 0.46932772187499994 0.5319309249999999 0.46964886874999995 0.5282910234375 0.46988979531249997 0.5277559609375 0.4695686484375 0.5288264375 0.46876565000000003 0.5301108 0.4682837984375 0.53128856875 0.46876565000000003 0.5327871671875 0.46836401875 0.53385764375 0.46740031562500006 0.5340718796874999 0.46619595 0.533001403125 0.465473171875 0.5319309249999999 0.46515202499999997 0.5298969140625001 0.46483061562500005 0.5275417250000001 0.46483061562500005 0.525400771875 0.465473171875 0.524758415625 0.466356390625 0.5239018234375 0.4669184640625 0.5210115703125 0.4672398734375 0.5185494390625001 0.46643687500000003 0.5171577843749999 0.4649913203125 0.5146953015625 0.46418832187500003 0.5135178828125 0.46346554375000004 0.5115908140625 0.45439137343749997 0.5079512625 0.45519437187499995 0.5097710375 0.46185954687499997 0.501849228125 0.460976065625 0.500671459375 0.46290347187499997 0.5001363953125 0.4646701734375 0.5052748953124999 0.46579431875 0.504418303125 0.46683824375 0.50163499375 0.46619595 0.49349929843749996 0.4623414 0.491786465625 0.46338532343749994 0.49339200625 0.4649111 0.49778120625 0.4672398734375 0.5032408828125 0.4691670171875 0.49606837343750004 0.47390505000000005 0.4915722296875 0.47342319843749997 0.490180575 0.4756714890625 0.4890028046875 0.4771972640625 0.48718302968750005 0.47816096718749995 0.4852563109375 0.47727774843750004 0.4855771390625 0.47334271406250006 0.483543478125 0.46988979531249997 0.483543478125 0.4649111 0.4779765078125 0.4645896890625 0.47626367500000005 0.4660352453125 0.47583555468750005 0.46997001562499996 0.47637096718749994 0.472298790625 0.4774414453125 0.4751899 0.4788331 0.47751867499999995 0.47958239843749995 0.479365596875 0.4799035765625 0.4811322984375 0.476584853125 0.481694371875 0.474658134375 0.481292740625 0.47080399687499996 0.4788837453125 0.47016164062500004 0.4808108890625 0.45924263749999994 0.4753503421875 0.45635203437499994 0.47390505000000005 0.45046423593749996 0.47406549218749994 0.45057117812499997 0.47727774843750004 0.4478951609375 0.4804897421875 0.44768092499999995 0.4850670703125 0.4523913046875 0.484906365625 0.45656626874999995 0.4850670703125 0.4546392 0.48739584375 0.45057117812499997 0.49534587031250005 0.4611314859375 0.49013571875000006
1 0.46236465625 0.4735483953125 0.45888744687500005 0.4739266171875 0.4643117109375 0.4775128875 0.4670932671875 0.4764174125 0.471543828125 0.47667832656250003 0.47307363281250003 0.477460809375 0.47432538593749995 0.4781909515625 0.47634186562499997 0.47845186718750005 0.47766304374999996 0.4785562859375 0.4766896921875 0.4765739078125 0.47731556875000003 0.47558285156249996 0.47696774218750004 0.474487375 0.4759246140625 0.47271383437500003 0.4755073625 0.47245318281250004 0.4747422859375 0.4723487640625 0.4736297328125 0.4721922671875 0.47209992968750003 0.4720357703125 0.4703615 0.4721401890625 0.468692496875 0.4722966859375 0.46730189375000003 0.4725052609375 0.4650070125 0.47307890625000004 0.46236465625 0.4735483953125
1 0.44955224375 0.4642822203125 0.451957925 0.4688329828125 0.453213184375 0.470088375 0.45478225781250003 0.4696175703125 0.45948877968749996 0.46922514531250004 0.4636728609375 0.471029984375 0.4675427765625 0.471029984375 0.4692163390625 0.4699313515625 0.47224965 0.47063755937499996 0.4743415140625 0.47079458125 0.47549228593750004 0.46836217812500003 0.4762244046875 0.4659300375 0.4772703359375 0.46420384062500003 0.4750736328125 0.461457653125 0.47204032187499995 0.46090846875 0.4675427765625 0.4606730671875 0.46566023906250004 0.46043766406250003 0.46785659218750003 0.45800526093749994 0.4692163390625 0.45627932656250003 0.47099439062500004 0.45596528125 0.47214516093750003 0.4557298796875 0.471831346875 0.4511007359375 0.4723541375 0.44835455 0.475387446875 0.4416070484375 0.4762244046875 0.439488690625 0.47245897656249997 0.43603629687499995 0.46984396874999995 0.434859284375 0.4672289625 0.4357225140625 0.4649277703125 0.437919515625 0.464300490625 0.44003787499999997 0.46346353437500004 0.44333324531249996 0.46325455781249997 0.444353234375 0.46220827499999995 0.4429408203125 0.46220827499999995 0.4419994734375 0.46325455781249997 0.4408224625 0.4624176015625 0.43854708125 0.46168548437499995 0.43713466562500003 0.46063955156249997 0.43046554375 0.45792005625 0.42411020468749994 0.4553050484375 0.419716465625 0.453735975 0.41759810625 0.453213184375 0.41579352968750005 0.4489246140625 0.41822567031249996 0.4485063109375 0.41955944218749996 0.44882012656250003 0.4215210421875 0.44976157031249997 0.4235610203125 0.44976157031249997 0.42371804375 0.44976157031249997 0.4251301953125 0.4502843625 0.42709179375 0.45049368906250004 0.4283471859375 0.45310869531250003 0.43619331875 0.45279488125 0.4383900578125 0.45279488125 0.4401162546875 0.45342251093749997 0.4421562328125 0.4540497890625 0.44372540781250003 0.4542591171875 0.446314571875 0.4538408140625 0.44843319375 0.45279488125 0.45047317187499997 0.4518534359375 0.45172856406250006 0.45080750312499995 0.45282693281249997 0.44944775625 0.453533140625 0.4472510515625 0.4532193578125 0.44453155625 0.452434771875 0.4436949515625 0.45235612812500003 0.4458913046875 0.44913939999999997 0.4475648671875 0.44568700625 0.4487156375 0.4434900046875 0.449133940625 0.44192083125000003 0.44965673281249996 0.44035165625 0.4505981765625 0.43941004687499996 0.45112131875 0.4378408734375 0.45133029375 0.4367425046875 0.4514351328125 0.4342317203125 0.45091199218750005 0.432191740625 0.44965673281249996 0.43093634999999997 0.44955224375 0.4297593375 0.44965673281249996 0.4283471859375 0.44965673281249996 0.42748421875 0.44882012656250003 0.42646422968750003 0.4475648671875 0.42544397656250005 0.445786815625 0.42528721718750007 0.4435904625 0.4251301953125 0.44181206093750003 0.4248947921875 0.440661640625 0.42434560781249997 0.439720196875 0.42332561875 0.43940638125 0.42207022656250004 0.4383604484375 0.42042267187500004 0.4365823984375 0.418931878125 0.433862903125 0.41775486562499997 0.431352734375 0.41720568125 0.42580890625 0.41775486562499997 0.42120687187500006 0.41791188906250004 0.41796423593750004 0.41791188906250004 0.416186184375 0.41987348750000003 0.41963779843750004 0.42065807499999996 0.4246584859375 0.421599421875 0.42915603124999996 0.42340399843750004 0.431247896875 0.42607180468749994 0.432084853125 0.429602578125 0.432921459375 0.43321173125 0.432084853125 0.43580089375000003 0.42926051875000004 0.43823329843750003 0.42476297343749997 0.4398808515625 0.419847125 0.4410578640625 0.41901016875 0.44301946406250003 0.41838253906249995 0.44505944218750004 0.4163951609375 0.446314571875 0.414930925 0.44764860625 0.414930925 0.44937453906249997 0.4171276296875 0.4511007359375 0.42047440468749997 0.45345476093750003 0.42434467031249995 0.45596528125 0.42643653593749997 0.45722067343750006 0.429574334375 0.457691478125 0.428005609375 0.45902525 0.4268548390625 0.46114387187499994 0.42748246874999996 0.4628698046875 0.4289467046875 0.46506680625 0.433862903125 0.46985297187499997 0.43459502031249997 0.469146765625 0.43344459999999996 0.4668713828125 0.43250315625 0.465302209375 0.4317710375 0.46404681718749996 0.4306202671875 0.4627130453125 0.43030645156249997 0.46169305625 0.43198001406250003 0.4623992640625 0.4332352734375 0.46090846875 0.4349088359375 0.4591038921875 0.43595476875 0.45792688125 0.4366868859375 0.457299315625 0.43773281875 0.4570639140625 0.44181206093750003 0.4577698578125 0.4469372375 0.45878984687499996 0.44787868125 0.45988847968749996 0.44808800781249997 0.4625560234375 0.44955224375 0.4642822203125
1 0.4580929171875 0.41762440781250004 0.45996914375 0.41750131562500004 0.462502103125 0.41649842187499997 0.46193899062500005 0.4143169390625 0.4611886390625 0.41305050000000004 0.46006311406249994 0.4118540234375 0.4576241234375 0.4112911625 0.4535901125 0.40981351874999994 0.45237061718750005 0.40868753281250003 0.451057153125 0.407842978125 0.4529333796875 0.40594318749999997 0.456498246875 0.4042543390625 0.45790532968750003 0.40277643281250003 0.4580929171875 0.401791425 0.456967390625 0.4005247234375 0.456967390625 0.3991877953125 0.45828050468750003 0.39728774375000003 0.456123071875 0.39792109375 0.45424684375 0.3988358765625 0.45124509062499996 0.4003840078125 0.4437401828125 0.4058726984375 0.441957925 0.40383193124999994 0.4405508421875 0.403691215625 0.43773632500000004 0.4031988421875 0.43445301562500005 0.401791425 0.4277927765625 0.40059495 0.428355540625 0.3998913734375 0.4305129734375 0.3979913203125 0.43257678750000006 0.39616175625 0.43351507656250005 0.3945433984375 0.43389025312499996 0.39257285625 0.434171809375 0.39074329375 0.43529733593750003 0.3886322984375 0.4365168296875 0.387013940625 0.4382054703125 0.386450815625 0.4385806453125 0.388280378125 0.43942496562500005 0.39215070937499996 0.4382054703125 0.39700631249999996 0.43980014062499995 0.3957396109375 0.4414887796875 0.3927840609375 0.4414887796875 0.3858174640625 0.44064445937499996 0.383776959375 0.4416763671875 0.3829324046875 0.4464607296875 0.381102840625 0.451057153125 0.3787806421875 0.45499719531249994 0.3765289328125 0.45856206093749996 0.3740660171875 0.4576241234375 0.372447396875 0.45452840156249996 0.371462125 0.45227664843750004 0.3710399796875 0.44814936875000005 0.37223619218750004 0.4443029453125 0.3739250390625 0.43989410937500006 0.37568437656250003 0.4380178828125 0.378991846875 0.4359540671875 0.382017621875 0.4305129734375 0.3841286171875 0.42844915781250004 0.3846212515625 0.4267608703125 0.3868729609375 0.426291725 0.3929247765625 0.42385273437500004 0.39616175625 0.42207012656250004 0.400454234375 0.426291725 0.4042543390625 0.4277927765625 0.40594318749999997 0.4305129734375 0.4072098890625 0.42844915781250004 0.4071394 0.4254474046875 0.4058726984375 0.42103821874999997 0.40305786406250005 0.4188807859375 0.39925802187500004 0.41794284687500005 0.3940507625 0.4164417953125 0.3932062078125 0.41268934062499996 0.3915878484375 0.41053190781250004 0.3917285640625 0.40677945312499997 0.39496554375000004 0.40921844375000005 0.4042543390625 0.41381521718750003 0.40798395625 0.41794284687500005 0.41115044687499996 0.422820828125 0.412487375 0.4272296640625 0.412628090625 0.43210799375000003 0.4124171484375 0.434734571875 0.4126985796875 0.43707959374999994 0.41424671249999995 0.43998772812500003 0.41368384999999996 0.440081696875 0.41213571875 0.4410196359375 0.41220594374999997 0.4438341515625 0.4136133609375 0.44796143125 0.41452814375 0.45086956562499997 0.4155134140625 0.45387166875 0.41572435625 0.45499719531249994 0.4168503421875 0.45593548437500003 0.41832798593750004 0.4580929171875 0.41762440781250004
1 0.4877366765625 0.45323119375000004 0.4882994390625 0.460479221875 0.49167671874999996 0.46209784374999996 0.4963671109375 0.46195686406250003 0.500682328125 0.46146449218749996 0.500682328125 0.45646817500000003 0.5000255953125 0.45400526093750004 0.500494740625 0.45203498125 0.4986185140625 0.449501578125 0.4973050484375 0.4470386640625 0.4973050484375 0.444435034375 0.49833695625 0.4435907421875 0.499744390625 0.4436609671875 0.505279103125 0.4435907421875 0.5028397609375 0.44133876875 0.500213184375 0.43972041093750003 0.4992752453125 0.4384537078125 0.4987124828125 0.4357795890625 0.4966486671875 0.43409074218750004 0.495241234375 0.4321204625 0.4917703359375 0.428109415625 0.4888622015625 0.4261391375 0.486986325 0.423957653125 0.48529768593749995 0.42240952187499997 0.484546984375 0.42086138906250004 0.4822955828125 0.4202985265625 0.4799505609375 0.42001683281249996 0.47591655 0.42093187812500005 0.47338394062500005 0.42177617031250003 0.4712261578125 0.4224800109375 0.46953786875 0.421846659375 0.467286115625 0.42086138906250004 0.4663481765625 0.4202985265625 0.46916234218749997 0.41889110937499996 0.47066339375000005 0.41755391875000003 0.47141374531249997 0.4162874796875 0.47141374531249997 0.4156541296875 0.4689747546875 0.415583640625 0.4662542078125 0.41635770625 0.46503471249999995 0.4167096265625 0.4630648671875 0.4169910578125 0.45949999999999996 0.41776512343750005 0.4579992984375 0.41875039375 0.456967390625 0.420087321875 0.456779803125 0.42093187812500005 0.456591865625 0.42240952187499997 0.4576237734375 0.42430957343750003 0.4593124125 0.42522435625000005 0.46193899062500005 0.4236762234375 0.4635340109375 0.424239084375 0.46287727968750003 0.42571699062499996 0.4603443203125 0.42620936406250004 0.45978155625 0.42677248749999996 0.45987552656249997 0.4283206203125 0.4603443203125 0.43015018437499997 0.46175140312499996 0.431627828125 0.4626896921875 0.4318390328125 0.46531626875 0.4315576015625 0.46784922812499996 0.43120568125 0.4694438984375 0.43099447656249995 0.47047580624999996 0.4314168859375 0.4713201265625 0.43352787968750006 0.4726332390625 0.43535744374999996 0.47375911718749997 0.437327721875 0.47432187968750006 0.43838321875 0.47526016875000004 0.440283271875 0.47591655 0.44133876875 0.47676087031250003 0.44218332499999996 0.478261921875 0.4428869015625 0.48013814843749997 0.4437314578125 0.4814516125 0.4447869546875 0.48295231406249994 0.44654602812500005 0.483890603125 0.44760178906250003 0.483984221875 0.448586796875 0.484453365625 0.45055707500000003 0.4855788921875 0.45210520781249997 0.486986325 0.453512625 0.4877366765625 0.45323119375000004
1 0.426841865625 0.534463440625 0.45319740468749997 0.5346643875 0.45266129062499993 0.5333240406249999 0.4492664796875 0.5317827453125 0.44694354843750006 0.530308259375 0.44488885 0.52937006875 0.4424765078125 0.53084455625 0.44095792500000003 0.5319168859375 0.43934957968750005 0.5325199890625 0.43818828906249996 0.53278800625 0.43631206093749997 0.53278800625 0.433095721875 0.5326538656250001 0.43068373125 0.5319836921875 0.42987973281249997 0.5313805890625 0.42827138906249995 0.5317827453125 0.4275568015625 0.5327209359375 0.426841865625 0.534463440625
1 0.539741584375 0.41218911093750005 0.5429807156249999 0.40766464999999996 0.5432040671875 0.40121304531249996 0.5395182328125 0.40012388281250005 0.5320347125 0.394761440625 0.52611465625 0.39023698125 0.5246626921875001 0.3887288265625 0.5216469140625 0.38671804375 0.5182959328125001 0.38512598593749997 0.5159502109375 0.384204365625 0.5136048390625 0.3831988421875 0.5112591171875 0.38110415625 0.5108124125 0.3785068390625 0.5117058203125 0.37900946874999997 0.5134929875 0.3799313515625 0.5166206171875001 0.3815231453125 0.519077840625 0.3833663859375 0.5219821171875 0.3857964234375 0.5243274890625 0.3872206734375 0.527678471875 0.38847737968749996 0.5305823984375 0.38898027343749997 0.5352738421875001 0.389482903125 0.537061009375 0.38914781718749997 0.53672580625 0.38814229375 0.53538534375 0.3872206734375 0.5332633234374999 0.38537743281250003 0.5318113609374999 0.3836178328125 0.5305823984375 0.38194213593750004 0.5292422859375 0.3796799046875 0.528013675 0.37783666562499996 0.5268965640625 0.3766635984375 0.52477419375 0.37582561875 0.5203064515625 0.3746525515625 0.5176258765624999 0.37381483437499996 0.5189659890625 0.3728932140625 0.521758415625 0.3721391375 0.527008415625 0.3728093109375 0.529688990625 0.37373093125 0.5344919359375 0.37373093125 0.53538534375 0.3724742234375 0.5358323984375 0.370630984375 0.535050490625 0.3691228296875 0.535050490625 0.3676146765625 0.532369565625 0.3661901625 0.530470896875 0.364514465625 0.5302475453125 0.36401183593750003 0.532369565625 0.362922671875 0.5321462125 0.36141451875 0.5348271390625 0.36066044218750004 0.538959678125 0.35990610156249997 0.5401882890625 0.36015754843750003 0.5420873078125 0.36141451875 0.543985975 0.363090215625 0.5472251046875 0.365101 0.5505760875 0.3660226203125 0.552921809375 0.3661901625 0.5534803640625 0.36459836874999996 0.5491241234375 0.362587321875 0.5468902531250001 0.3604926359375 0.5442093265625 0.3582304046875 0.5414169 0.35739268750000003 0.537731065625 0.3571412421875 0.533151471875 0.3583143078125 0.529018934375 0.35898448125 0.5246626921875001 0.355884534375 0.520418303125 0.352030246875 0.51416339375 0.350773540625 0.5063446703125 0.3493490265625 0.497185484375 0.3511925296875 0.4904835203125 0.353957390625 0.4811013328125 0.35772777499999997 0.47618653593750004 0.3621685953125 0.4736174609375 0.366274065625 0.47428786875 0.370295896875 0.47696844374999997 0.37314439843749997 0.47976087031250003 0.37515544375 0.4822180921875 0.375741978125 0.48702103750000003 0.37532298750000004 0.490036815625 0.37523908437500003 0.49606837343750004 0.3743174640625 0.49852594687499996 0.37582561875 0.49919600312499995 0.3782553921875 0.4987492984375 0.382277221875 0.500647965625 0.38621515 0.5042223 0.389985534375 0.512487728125 0.3963534984375 0.5266732125 0.4052348765625 0.539741584375 0.41218911093750005
1 0.5878825390625 0.37239032031249997 0.594025946875 0.366274065625 0.5962598171875 0.36493345625 0.5957012625 0.3622522359375 0.5938025953125 0.3602414515625 0.5905631140625001 0.359571015625 0.5875473359375001 0.35999000468750003 0.5838615 0.363090215625 0.586765428125 0.36778222031249996 0.5882177421875 0.3688713828125 0.5877706875 0.3694579171875 0.5872124828125 0.3707985265625 0.5878825390625 0.37239032031249997
1 0.6254123421875 0.407916096875 0.62295511875 0.413362178125 0.6247422859375 0.416378484375 0.6313323984375 0.41713256249999997 0.6324491578125 0.41210520781250004 0.635800140625 0.4049834296875 0.635241584375 0.40305628593750004 0.634459678125 0.3893153609375 0.6323376578125 0.3873882171875 0.631779103125 0.3857125203125 0.6328958625000001 0.3837017359375 0.6275347124999999 0.3801825359375 0.6247422859375 0.38110415625 0.62418373125 0.3826962125 0.624518934375 0.386634140625 0.6234018234375001 0.384706996875 0.62295511875 0.3840368234375 0.6197159890624999 0.38495844218749997 0.6209446 0.388058653125 0.623290321875 0.3922477640625 0.62552419375 0.39509652812499996 0.6264176015625 0.396856128125 0.6263061015625 0.398783271875 0.6277580640625 0.40104550312500004 0.6283166203125 0.4033913734375 0.6270876578125 0.405653865625 0.6254123421875 0.407916096875
1 0.6203860453125001 0.4119376640625 0.618264025 0.41001052031249996 0.618040321875 0.4173001046875 0.6213913046874999 0.4300357703125 0.622619915625 0.43078984687500005 0.635241584375 0.4334708046875 0.635800140625 0.4320465546875 0.634236325 0.43011941093750006 0.6304386390625 0.42802472343750003 0.62686430625 0.42743819062500005 0.623848528125 0.4224947390625 0.6230666203124999 0.42048395625 0.6228432671874999 0.418305628125 0.6211679515624999 0.41704865937499996 0.6203860453125001 0.4119376640625
1 0.6373639546875001 0.42165702187500004 0.6369172515625 0.4266841140625 0.64015638125 0.425343503125 0.6431721593749999 0.4246733296875 0.6456293828125 0.42542740625000003 0.6495385687499999 0.4264329296875 0.653001403125 0.4276896375 0.65076753125 0.4194784328125 0.6515490890625 0.4189758015625 0.6555701265625 0.4185568125 0.65869775625 0.4173001046875 0.65467671875 0.415121515625 0.65467671875 0.4120215671875 0.64752805 0.4141998953125 0.644512271875 0.41126749062499995 0.6420550484375 0.4087538140625 0.6406030859375 0.40799973749999996 0.638480715625 0.40665912656250003 0.635241584375 0.411435034375 0.6370287515624999 0.4136972640625 0.6373639546875001 0.41545686406250004 0.6363586953125 0.418473171875 0.6373639546875001 0.42165702187500004
1 0.5766013328125 0.4592982640625 0.584754909375 0.4601988421875 0.58710063125 0.457350078125 0.5868772796874999 0.45374723906250003 0.5866539265624999 0.450479484375 0.58374965 0.4462064703125 0.583526296875 0.443776696875 0.5848667609375 0.4426875328125 0.586542075 0.43916833281249995 0.5868772796874999 0.436738559375 0.5866539265624999 0.4340573375 0.5904516125 0.4338061546875 0.5939140953125001 0.43430878437500003 0.5968183734375 0.43598448125000006 0.5979351328125 0.439754865625 0.5978236328125 0.44251998906249995 0.59771178125 0.44444687031249996 0.600616059375 0.44570384062499996 0.603966690625 0.44394424062500004 0.6064239125 0.4414305625 0.6068709671875 0.438330615625 0.60497195 0.4338061546875 0.602068021875 0.4297004203125 0.5967065218750001 0.42685165625000004 0.5893345015625 0.4246733296875 0.5812924265625 0.4235002625 0.574255609375 0.4230812734375 0.567553996875 0.423584165625 0.566213534375 0.4245894265625 0.5643148671875 0.42551130937500004 0.5602938281250001 0.424086796875 0.559623421875 0.4226625453125 0.5588415140625 0.4210704890625 0.5566076437499999 0.41956233593750003 0.5580596078125 0.41838926875000004 0.558171459375 0.4175515515625 0.5560490890625001 0.416881115625 0.552363253125 0.416881115625 0.550352734375 0.41654602812499997 0.5480070125000001 0.4088377171875 0.5455497890625 0.40573750625000005 0.5433159187500001 0.40799973749999996 0.5424221593749999 0.41026196718749997 0.542310659375 0.41227301406250005 0.541752103125 0.413529721875 0.53940638125 0.4136972640625 0.5379544171874999 0.413362178125 0.5347152875 0.4117701203125 0.531029453125 0.41068095781249997 0.528460378125 0.41026196718749997 0.5263380078125001 0.4100944234375 0.52209361875 0.41059705468749996 0.5226521734375 0.41311073125000003 0.5179607296875 0.4141998953125 0.5161739125 0.41277564375000003 0.515168653125 0.40992688125 0.5129344312499999 0.40833482343750005 0.5093604484375 0.40799973749999996 0.50489235625 0.4088377171875 0.5016532265625 0.41001052031249996 0.497185484375 0.414618884375 0.48925490937499994 0.41738374531250005 0.486686184375 0.420567859375 0.48735624062499994 0.422327196875 0.48824965000000004 0.42576249375 0.49137727968749995 0.427270646875 0.49483976093750004 0.429030246875 0.49796739062500006 0.42911388749999996 0.4974088359375 0.427103103125 0.5014298734375 0.4246733296875 0.5029936890625 0.42299763281249997 0.5063446703125 0.42190846875 0.5070147265625 0.42341662343750003 0.5082433375 0.425678853125 0.5108124125 0.4227461859375 0.5133814859375 0.4217406625 0.5166206171875001 0.42165702187500004 0.5189659890625 0.42132193593749995 0.51952454375 0.42014886875 0.5199712484375001 0.4193947921875 0.5229873765625 0.4197298796875 0.53404523125 0.421992109375 0.5415287515625 0.42492477656250005 0.5471136046875 0.425175959375 0.549012271875 0.42525986250000003 0.55526718125 0.431543925 0.5589533656250001 0.43330326093749993 0.5625277 0.43439268750000004 0.564203015625 0.434643871875 0.5664368859375 0.43657101562499995 0.5673306453125 0.43916833281249995 0.568224053125 0.4410118359375 0.5683359046875001 0.44352525 0.56788885 0.446793003125 0.5676654984375 0.44964176718750004 0.5676654984375 0.4516525515625 0.5676654984375 0.4530770640625 0.568224053125 0.4546688578125 0.5694526640625 0.456260915625 0.570569775 0.4569310890625 0.572803646875 0.4565960015625 0.5747023140625 0.45634455625000003 0.5766013328125 0.4592982640625
3 0.6081111499999999 0.4820260390625 0.615321528125 0.475574434375 0.6151479656250001 0.4715991578125 0.6070687234375 0.46430036875 0.5941241234375 0.45967359218750004 0.592473703125 0.4609118890625 0.5942110796875 0.4631925296875 0.5994235625 0.4665812734375 0.6008134640625 0.46899263593749996 0.5983811359375 0.4729026828125 0.5990760875000001 0.475900315625 0.601421809375 0.478767753125 0.6081111499999999 0.4820260390625
1 0.610369915625 0.48143950625 0.6205340109375 0.4774642296875 0.6254859749999999 0.47479247812500003 0.6313064515625 0.47244634375 0.6339126921875 0.47062177812500006 0.6360848531250001 0.468536296875 0.6351290328125 0.46390952187499995 0.6341735625 0.460520778125 0.635997896875 0.4564805359375 0.6380827484375 0.45452551249999995 0.6373008421875 0.45217937968750005 0.636692846875 0.4512019984375 0.6328702671875 0.4526354546875 0.6326967046875 0.4504197796875 0.6324358343750001 0.44787822187500004 0.63851718125 0.45002893281249995 0.6438166203125 0.4505502359375 0.6467703359375 0.44944239843749995 0.654067671875 0.44299079375000006 0.6556314859375 0.4380381375 0.6554575734375 0.43432351406249997 0.653459678125 0.43113045781250003 0.6509400421875 0.4340628609375 0.6485946703125001 0.4367998421875 0.64703085625 0.4384942140625 0.6442507015625 0.4386896375 0.6441640953125 0.44077511875 0.6439901828125 0.44220883750000006 0.638430225 0.4391459765625 0.63869074375 0.441101 0.6338260874999999 0.443316675 0.6265284015625 0.445336928125 0.623487728125 0.4468356125 0.622966690625 0.45146265156250004 0.623487728125 0.453417675 0.6277447406250001 0.45224460781250003 0.628092215625 0.45354787031250005 0.6285266484375 0.456350078125 0.63035098125 0.4603253546875 0.6313064515625 0.4634534453125 0.632349228125 0.46469147812499995 0.632175315625 0.4659947390625 0.627831696875 0.4680149921875 0.6256598875 0.46840610156249995 0.6223583453125 0.4672982640625 0.619752103125 0.4669071546875 0.6181886390625 0.46827564375 0.61758029375 0.46970936406249997 0.6137580640625 0.469513940625 0.6152349234375001 0.47120831093750004 0.6160168296874999 0.47231615 0.6154084859375 0.47570489218749995 0.6139316265625 0.477334034375 0.6115859046875001 0.479093371875 0.610369915625 0.48143950625
1 0.5680620609375 0.476226196875 0.568930575 0.48412756406249996 0.5786605890625001 0.4810483953125 0.5795294531249999 0.479745134375 0.5803113609375 0.476226196875 0.583960028125 0.47257680156250004 0.5863054 0.470947659375 0.5871742640625001 0.47075197187500006 0.5899544171875 0.4708172015625 0.5913443203125001 0.47185981093749996 0.5933425671875 0.47355418125000004 0.5949929875 0.4729676484375 0.59507994375 0.47270699687500006 0.5956879390625 0.4721856921875 0.5967303640625 0.473163334375 0.597686184375 0.47355418125000004 0.5986416546875 0.4722509203125 0.5982072234375 0.470947659375 0.597077840625 0.470295896875 0.5956009812499999 0.470295896875 0.593081696875 0.470361125 0.5916048390624999 0.46918805937499997 0.5916917953125 0.46762414531249996 0.5922997890625 0.4665812734375 0.5937766484375 0.4661904265625 0.5953404625000001 0.466451078125 0.5980336609375 0.468536296875 0.5998579937499999 0.4701004734375 0.6004659890624999 0.46970936406249997 0.6006399015625 0.4687319828125 0.59933660625 0.467102578125 0.5982072234375 0.4659297734375 0.59542741875 0.4641701734375 0.5917787515625 0.462280378125 0.5922997890625 0.46136796406249997 0.592821178125 0.45954339843750003 0.59447195 0.45706680625 0.5964698453125 0.45432982656250004 0.5939505609375 0.45387374999999996 0.5896069421875 0.45524224062499996 0.5837861156249999 0.4603253546875 0.5802244046875 0.46462624999999996 0.5766623421875 0.4655386640625 0.5731875875 0.46749368750000003 0.5680620609375 0.476226196875
1 0.53852454375 0.4663206203125 0.5433895515625 0.4635184109375 0.54738569375 0.46136796406249997 0.5478201265625 0.46123750625 0.549557503125 0.46188926874999997 0.549644459375 0.4628669125 0.549123421875 0.46469147812499995 0.548862553125 0.46612519687500004 0.5479940390625 0.46912282968749996 0.548688990625 0.47042635468749994 0.549296984375 0.47075197187500006 0.5521637453125 0.4715341921875 0.5558127625 0.47264203125000004 0.55963499375 0.4738800625 0.561893759375 0.47505312968749996 0.5630231421875 0.4768127296875 0.5636314859375 0.47857206718749995 0.564152525 0.48143950625 0.56476051875 0.48476301875 0.566324334375 0.486783271875 0.5674537171875 0.4873698046875 0.56927805 0.4861967390625 0.5694519640625 0.48437190937499996 0.5687570125 0.48274276718750003 0.5687570125 0.480527090625 0.5678881484375 0.4781812203125 0.5679751046875 0.4758350875 0.56901753125 0.4743361390625 0.5699730015625 0.4729026828125 0.5711023843749999 0.470947659375 0.5724926375 0.46834087343749997 0.5738825390625 0.4659297734375 0.5725792421875 0.465669121875 0.56901753125 0.46469147812499995 0.5662377281250001 0.46403971562499996 0.562588709375 0.46332298749999995 0.5593744734375 0.4630623359375 0.557637096875 0.46260625937500005 0.5565077140625 0.46143319375 0.5544225109375 0.45947816875 0.55060028125 0.45752314531250005 0.544605890625 0.45628485 0.540609746875 0.456219621875 0.53835098125 0.45706680625 0.5352233515625 0.458305103125 0.5340070124999999 0.46026012656250004 0.5346153578124999 0.46299710625 0.535831346875 0.4657340875 0.53852454375 0.4663206203125
1 0.46286115 0.3776530765625 0.46843618437499995 0.37953498125 0.47015147187500006 0.378039190625 0.47272475468749997 0.3772027875 0.47418267812500003 0.3756586 0.47435413750000005 0.37372830156250003 0.4738397609375 0.37269910624999997 0.47212412343750004 0.372055496875 0.468779103125 0.37231299375 0.46560554062500004 0.37269910624999997 0.46346143125 0.373792740625 0.4610599578125 0.37578721718749997 0.46286115 0.3776530765625
3 0.49418583437499997 0.567802209375 0.5048927062499999 0.5681083640625 0.5087180921875001 0.5637677531249999 0.510397615625 0.5593569171875 0.5073183734375 0.5559263546875 0.498081346875 0.5573966328125 0.495841865625 0.557536559375 0.4937892703125 0.5576767484375 0.4891241234375 0.5539660703125 0.4872577140625 0.55207575 0.48455189374999996 0.5531257234375 0.48156626874999997 0.5417837984375 0.4734488078125 0.542764071875 0.467477209375 0.5446543921875 0.46719705468750006 0.5534058390625 0.469902875 0.5562764328124999 0.473915146875 0.554666228125 0.4759677421875 0.5571165171875 0.474008415625 0.5595670703125 0.47755399687500005 0.562297475 0.4816595375 0.5648879531250001 0.486324684375 0.565377959375 0.4919232125 0.5665681218749999 0.49418583437499997 0.567802209375
1 0.5347289625 0.4333127296875 0.533430575 0.43644213593750003 0.53564270625 0.43795765312499996 0.5395859046875 0.4394011046875 0.54141304375 0.4402669640625 0.5415094671875 0.44192688125 0.5444908828125 0.442793003125 0.5474723 0.4421433453125 0.5493958625 0.44033929531249993 0.55035764375 0.43824645 0.5499730015625001 0.4373803265625 0.5480494390625 0.43680299843750003 0.5466069421875 0.43622567031250004 0.5450680218749999 0.43730825937500006 0.543529103125 0.436153603125 0.5422787515625 0.43550394531250003 0.5410284015625 0.43499894843750003 0.5392012625 0.434710153125 0.538046984375 0.43456575468749997 0.5347289625 0.4333127296875
1 0.443994740625 0.5470765390625 0.44579382812499996 0.54823066875 0.4511676015625 0.5492559171875 0.451623071875 0.5466588640625 0.4517142359375 0.5438566546875 0.451258765625 0.5433782218750001 0.4510764375 0.54023435 0.4467955828125 0.5382524984375 0.447342215625 0.53668043125 0.44442741874999997 0.53531351875 0.4433345015625 0.53838900625 0.44369880781250004 0.5422164656249999 0.4445185828125 0.545086796875 0.443994740625 0.5470765390625
1 0.5586914453125 0.5269631765625 0.5595564515625 0.5259815890625 0.5538639546875 0.5237509203124999 0.5494919359375 0.5215639140625 0.5459396921875 0.5191720140625 0.5420231421875 0.5169847453124999 0.53783345 0.515071278125 0.536102734375 0.5139092578125 0.5333702671875 0.512542346875 0.5310932671875 0.51090215625 0.5307289625 0.510150446875 0.528633940625 0.5096036296875 0.5259926375 0.5102872171875 0.52335098125 0.5097404 0.5221669 0.51056049375 0.520345371875 0.515412940625 0.5189789625000001 0.518283534375 0.5175217390625 0.5198553390625 0.5168842921875 0.5212222515625 0.5222580640625 0.5244345078125 0.5258103078125 0.526416359375 0.5270855546875 0.5273732250000001 0.53 0.527783271875 0.5315483875 0.528398475 0.5318218796874999 0.5296970015625 0.53355224375 0.5292869546875 0.5346455125 0.529491846875 0.5371956515625 0.5304487109375 0.5408390609375 0.53161073125 0.550220546875 0.5376933187499999 0.5536816265625 0.5378300890625 0.5596931984375 0.5438442921875 0.5669800140625 0.5467148875000001 0.5690746843750001 0.5469197796875 0.5708965640625 0.5465781171875 0.572171809375 0.5456212515625001 0.57280925625 0.545347975 0.5719894812499999 0.5437759078125 0.5734467046875 0.5423408734375 0.572171809375 0.5398803265625001 0.5700767875 0.5382401375 0.5685284015625001 0.5365996843749999 0.56652454375 0.5346862171875 0.562789971875 0.531200684375 0.5599663390625 0.527783271875 0.5586914453125 0.5269631765625
3 0.5655908140625 0.53328485 0.5685967734374999 0.5300042078125 0.5686875875 0.52733876875 0.5644978968750001 0.527270384375 0.5634049796875 0.5256985796875 0.56121879375 0.5264502890625 0.5600347125 0.527270384375 0.5655908140625 0.53328485
1 0.5615564515625 0.5174802734374999 0.5601770687500001 0.5139216203125 0.556498596875 0.5134345078125 0.55401051875 0.5134345078125 0.5507647265625 0.513353234375 0.548817321875 0.5115673328125 0.549574684375 0.509862703125 0.5483846421874999 0.5088884796875 0.546220896875 0.507995528125 0.5453555406249999 0.506859021875 0.5451392 0.5053979484375 0.5449228609375 0.5040988953125 0.54373281875 0.5036117828125 0.5428671109375001 0.502637821875 0.541352384375 0.5009329296875 0.5414607296875 0.498903471875 0.54091970625 0.4968740140625 0.5394053296875 0.4952506578125 0.5369169 0.49500710156250005 0.534536815625 0.49500710156250005 0.5331304343750001 0.49638716406250005 0.5305340109375 0.49500710156250005 0.5288029453124999 0.494601 0.52728821875 0.49573750624999996 0.5275045578124999 0.4982540765625 0.52728821875 0.5003648078125 0.527612903125 0.5030436609375 0.5292356234375 0.5049108359375001 0.5305340109375 0.507102578125 0.5315077140625 0.5088884796875 0.5324814171875001 0.5109179375 0.533671459375 0.512947396875 0.5369169 0.5141651765625 0.5520631140625001 0.522607575 0.5602850625 0.526341925 0.564720896875 0.5253677015625 0.56764200625 0.5251241453125 0.5722938281250001 0.5279655437499999 0.578352384375 0.5264229359375 0.5770539968749999 0.5206593890625 0.57608029375 0.5219581796874999 0.5719694953125 0.5217958968749999 0.5688320484375 0.519198053125 0.564720896875 0.522607575 0.5593113609375 0.5222017359375 0.5586623421875 0.52098395625 0.561258765625 0.5184676484375 0.5615564515625 0.5174802734374999
1 0.558446003125 0.5110802203125 0.5602040671874999 0.5139297734375 0.561258765625 0.5157887953125 0.56158345 0.517818253125 0.5602850625 0.5198477125000001 0.5588786812500001 0.5212275125 0.5597443906249999 0.522526565625 0.56428821875 0.5226888484375001 0.5690483875 0.519198053125 0.5713201265625 0.5217958968749999 0.5738085546875 0.5222830093749999 0.57532328125 0.521552340625 0.577703365625 0.5197664390625001 0.577703365625 0.5226888484375001 0.579001403125 0.5229324046875 0.5806241234375 0.5217146234375 0.581165146875 0.5205781171874999 0.581057153125 0.5183863750000001 0.5799751046875 0.5169250390625 0.5787850625 0.5140026296875 0.5813814859375 0.5147332984374999 0.5813814859375 0.516194634375 0.582463534375 0.5188734875 0.5826798734375 0.52049710625 0.587223703125 0.5209029453125 0.5912265078125001 0.519685165625 0.5914428468749999 0.5171685953125 0.5957703359375001 0.5169250390625 0.5960950203125 0.5146522874999999 0.5946886390625 0.5125415578125 0.5987997890625001 0.5099437140624999 0.597501403125 0.507751971875 0.5997731421875 0.50507311875 0.6008551890625 0.5035307734375001 0.6024779109375 0.5037743296875 0.6056153578125001 0.5043424515625 0.6059400421875 0.5021507093750001 0.604425315625 0.5008519203125 0.6039926375 0.49971541249999996 0.6066974046875 0.50044608125 0.6088608 0.5002835343750001 0.60951016875 0.4989847453125 0.61026753125 0.497523409375 0.6117819078125 0.49622461875 0.613404628125 0.497523409375 0.61513569375 0.497523409375 0.6153520343750001 0.49638716406250005 0.613404628125 0.49492582812499997 0.6169751046874999 0.49403287812499996 0.620220546875 0.491922146875 0.6172994390625 0.491191740625 0.6158930578125 0.49005523437500004 0.6139456515624999 0.4894868484375 0.61232293125 0.489568121875 0.6088608 0.4897304046875 0.6101591859375 0.48786322968749996 0.60896914375 0.48567148906249996 0.6060480359375 0.48494082031249997 0.60475 0.48266780625 0.6036679515625 0.48031378281250003 0.5996651468749999 0.47942083125 0.5949049796875 0.48080089375 0.592741234375 0.48015149843750005 0.5894954421875 0.4790960015625 0.586574684375 0.4806383484375 0.581165146875 0.4851843765625 0.57791970625 0.4888374546875 0.576946003125 0.4909481859375 0.5757559609375 0.4933834828125 0.5739165500000001 0.493058653125 0.5700220890625001 0.49224697500000003 0.56764200625 0.49208469218750006 0.5662356234375 0.4926528140625 0.56980575 0.493058653125 0.569481065625 0.49411415 0.5699137453125 0.4969552859375 0.57121213125 0.49833534999999995 0.5711037875 0.49995896875 0.57045476875 0.501501315625 0.5700220890625001 0.50320594375 0.567425665625 0.503368490625 0.5649372374999999 0.501582325 0.56363885 0.5025565484375 0.5608260875 0.5041801687499999 0.5588786812500001 0.5051543921875 0.556390603125 0.5046672796875 0.55401051875 0.505316675 0.55476753125 0.506371909375 0.5574722999999999 0.5085639140625 0.5588786812500001 0.5100249875 0.558446003125 0.5110802203125
1 0.5780981765625001 0.52326249375 0.57901753125 0.5271507093750001 0.5804242640624999 0.529261178125 0.5759884296875 0.5301541296875001 0.5727429875000001 0.5309660703125 0.571119915625 0.532346134375 0.569713534375 0.534862440625 0.568307153125 0.53640505 0.5715529453125 0.539327459375 0.576637446875 0.541194371875 0.5805322578125 0.5416004734375 0.5789095375 0.5446038921875 0.5753394109375 0.5478511312500001 0.573067321875 0.548419253125 0.568307153125 0.548419253125 0.56181591875 0.5485817984375 0.555324684375 0.5476888484375 0.549158134375 0.546552340625 0.5445063109375 0.546065228125 0.5379067328125 0.546795896875 0.5399624828125 0.5489876375 0.544289971875 0.549799315625 0.5496991578125 0.550392425 0.55846213125 0.551204103125 0.5591115 0.5528277218750001 0.5631143062499999 0.5543700687500001 0.5653860453124999 0.5526654390625 0.570362903125 0.5507982640625 0.575123071875 0.5500675953124999 0.581289621875 0.55014886875 0.5862661296875 0.5468206203125 0.586915146875 0.5467393484375 0.5879971953124999 0.54966175625 0.5890788921875 0.551204103125 0.587564515625 0.5559124140625 0.5876725109375001 0.5566430828125 0.588862553125 0.5569679109375001 0.5902689343749999 0.558347975 0.5897282609375 0.560296159375 0.588862553125 0.5635433984375 0.5884298734375 0.564760915625 0.59676016875 0.5616762234375 0.596543828125 0.5596467656249999 0.5975175312500001 0.558185428125 0.592 0.5436546546875001 0.5927573625 0.5417874796875 0.5953537875 0.541625196875 0.5985995796875 0.5401638609375 0.60087131875 0.53845923125 0.6034677421875 0.539514465625 0.6055234921875 0.5400015781249999 0.6062808562499999 0.540245134375 0.607362553125 0.5404886906249999 0.6102836609375 0.54081325625 0.61320476875 0.5411380859375 0.614286465625 0.5398392953125 0.6236988078125 0.53943319375 0.6228331 0.5382156765625 0.6200203359375001 0.5361862171875 0.6181812765625 0.5343190421874999 0.6129884296875 0.5318024718750001 0.6097426375 0.5308285109375 0.6096346421875001 0.529367175 0.6117983875 0.5252606515625 0.6151521734375 0.525666490625 0.6179649375 0.5265594421875 0.62142671875 0.5257477640625 0.627268934375 0.5236370328125 0.634192846875 0.5215263015625 0.6431725109374999 0.5190910046874999 0.647932678125 0.517061546875 0.6524765078125 0.5142204109375 0.657561009375 0.5097553921875 0.6586430578125 0.5050470812500001 0.659292075 0.503423725 0.6595084156250001 0.49944581875000005 0.6590757359375 0.49692924843749997 0.6566956515625 0.49847185625 0.6548565921875 0.4977411890625 0.6484733515625 0.5024495 0.6466342921875 0.5046412421875 0.640792075 0.5078072062500001 0.6364645859375 0.5090249874999999 0.6310553999999999 0.5108918984375 0.6258625531249999 0.51251551875 0.6213187234374999 0.51438269375 0.6185059609375 0.5153569171875 0.618397615625 0.513327459375 0.6230497890625 0.510486059375 0.625213534375 0.5071578109375 0.6258625531249999 0.5050470812500001 0.625213534375 0.5018001046875 0.623915146875 0.4978221984375 0.6224004203125 0.49709179375 0.62142671875 0.499527090625 0.619046634375 0.502124671875 0.615692846875 0.5047225140625 0.612880084375 0.5074826406249999 0.6120147265625 0.5093495531250001 0.6102836609375 0.5082130453125 0.6096346421875001 0.5064271437500001 0.6088772796875 0.5061025781249999 0.6086609390625 0.504235403125 0.6059561718750001 0.501637559375 0.6058478265625 0.5041541296875 0.6059561718750001 0.5062648609375 0.6067135343750001 0.50756365 0.6084446 0.508862440625 0.6092016124999999 0.5104050499999999 0.6085525953124999 0.5121096796875 0.6069298734374999 0.51438269375 0.605415146875 0.5159250390625 0.6035760875 0.5168992640625001 0.6020613609375001 0.517061546875 0.5989239125 0.5164121515625 0.596435834375 0.5174673859375 0.5955701265625 0.5177922140625 0.5930820484375 0.5183603359375 0.591026296875 0.5193345609375 0.5900525953125 0.5201462390625 0.5891872375 0.520552340625 0.5876725109375001 0.5207958968749999 0.5845350625 0.5211204625 0.5826960031249999 0.5207958968749999 0.58161430625 0.5206333515625 0.5798832390624999 0.521607575 0.579342215625 0.5219321406249999 0.5780981765625001 0.52326249375
3 0.6372594671875 0.5557238296875 0.6397594671875 0.561241978125 0.646366059375 0.5566730671875 0.6496549796875 0.5559137296875 0.6514256656249999 0.5543950546875 0.6524375874999999 0.55116780625 0.6514256656249999 0.5490796953125 0.65218443125 0.5452830093750001 0.6544610796875 0.542815096875 0.655220196875 0.5374994734375 0.6519316265625 0.535031825 0.6494018234375 0.5342722249999999 0.647883940625 0.5321841140625 0.6357415843750001 0.543384534375 0.6372594671875 0.5557238296875