1 0.53394510625 0.43588541718749996 0.533832671875 0.43588541718749996 0.533832671875 0.43591021874999997 0.53394510625 0.43591021874999997 0.53394510625 0.43588541718749996
2 0.5207671953124999 0.43423834375 0.5202919968749999 0.4383759921875 0.5226693124999999 0.441800346875 0.5252367718750001 0.44465401718750003 0.5317030421875 0.44543874062500005 0.5405469578125001 0.44244246093750006 0.5443505296875 0.439731646875 0.5448260578124999 0.43659250937499994 0.543875 0.4335248015625 0.54111739375 0.4293157234375 0.53683829375 0.42781250000000004 0.531512896875 0.42753224218749997 0.524380953125 0.43038591249999997 0.5207671953124999 0.43423834375
2 0.47924834687500006 0.42623239062499996 0.4741130953125 0.42994196406249996 0.47287698437500003 0.43650545625000003 0.477821759375 0.44256944374999996 0.48324206406250003 0.44378224218750006 0.48571461562499996 0.4426408734375 0.49360747343750006 0.440643353125 0.49522387500000004 0.4385744046875 0.49588954999999996 0.4335091765625 0.49227612499999995 0.4303700390625 0.4901838625 0.42944270781249994 0.48676058125 0.4287415671875 0.4872361109375 0.42808730156249997 0.48676058125 0.42680307500000003 0.48495370312499997 0.4258754953125 0.47924834687500006 0.42623239062499996
2 0.39390178593749997 0.47657266875 0.3896623671875 0.474982390625 0.3884513890625 0.4750959828125 0.38648313437500004 0.4756639390625 0.38648313437500004 0.47237003906249997 0.383152446875 0.47043923593750003 0.374068453125 0.47248363125 0.3699804890625 0.477140625 0.3730085984375 0.48611359062500004 0.37694510625 0.49008903750000005 0.38345502656249997 0.492360615625 0.3896623671875 0.4909977671875 0.3959077375 0.4867279265625 0.393598875 0.48520486093750004 0.3943558203125 0.4803209328125 0.39390178593749997 0.47657266875
2 0.5714808203125 0.507481646875 0.5691567453124999 0.507287946875 0.5691567453124999 0.5062224703125 0.5738045640625 0.502735615625 0.565799934375 0.5025419140625 0.563605159375 0.50428521875 0.5610231484375 0.5050602671875 0.561152446875 0.5080627484375 0.559603175 0.5084501484375 0.5574084 0.512227678125 0.557924603125 0.5165863093749999 0.5659292328125 0.5193950890625 0.57393353125 0.5189107140625 0.5797433859375001 0.5166830359375 0.583358134375 0.51319618125 0.5825836640625 0.5089779265625001 0.5793561515625 0.5103874015625001 0.5763865734375 0.5084501484375 0.5714808203125 0.507481646875
2 0.5559880953125 0.53111483125 0.5571501328124999 0.5345047125 0.5615396828125 0.536926090625 0.5694150125 0.5379915671875 0.5759993390625 0.5357638890625 0.5809054234375 0.5241411203124999 0.5774193125 0.520847965625 0.57173875625 0.5198794640625 0.5654126984375 0.5200731640625 0.5592156078125 0.5216227671875 0.5562463625 0.5235600203125 0.5559880953125 0.5265625 0.5559880953125 0.53111483125
2 0.4433429234375 0.503329365625 0.447964615625 0.5031366562499999 0.44873511875 0.4991877484375 0.44526851875 0.495912946875 0.4391061515625 0.4934087296875 0.4321736109375 0.49177132968750004 0.4288353171875 0.49273437500000006 0.4240853171875 0.495238590625 0.4224163359375 0.5021733625 0.4247271828125 0.507085565625 0.428578703125 0.50881944375 0.43384259218750004 0.5103603671875 0.43811111093750005 0.509990328125 0.438207671875 0.50718204375 0.44064682499999996 0.504099703125 0.4433429234375 0.503329365625
2 0.6501150796874999 0.5432108140625 0.6555803578125 0.539025296875 0.653303240625 0.5388544140625 0.6488627640625 0.54201488125 0.6463578046875 0.544662946875 0.645788359375 0.5480798609375 0.6466994046875 0.551240328125 0.6503429234375 0.5551696421875 0.6547834 0.557134425 0.657060515625 0.5565364578125 0.6638921953125 0.5554260906249999 0.666625 0.5557676093749999 0.672090278125 0.5544010421875 0.6745952375 0.55311954375 0.6737982796875001 0.550471478125 0.6703822749999999 0.5523509421874999 0.6691299609375 0.5509841265625 0.668332671875 0.5441505453125 0.6640916 0.539506696875 0.6559219578125 0.5452609125000001 0.6526200390625 0.5447482640625 0.6501150796874999 0.5432108140625
2 0.562498346875 0.6217966265625 0.56012466875 0.6266118546875 0.56012466875 0.632548115625 0.5622347890625 0.6352524796875 0.56821329375 0.6381547624999999 0.572960978125 0.6386165671875 0.5787638890625 0.636967509375 0.582016865625 0.6338013390625 0.583335978125 0.628392609375 0.5818412703125 0.6210052078125 0.5787420640625001 0.6188725203125001 0.5750710984375 0.617905009375 0.5689166671875 0.6183665671874999 0.562498346875 0.6217966265625
2 0.48550132343749997 0.61647495 0.48550132343749997 0.6173325890625 0.4871719578125 0.6214880953125 0.48919411406249996 0.6252477671875 0.494733134375 0.628347965625 0.5027341265625 0.62894146875 0.5059871031250001 0.626303075 0.5097678578125 0.624851934375 0.5109986765625 0.622609375 0.5112622359375 0.618255953125 0.5081851859375 0.6119895828125 0.503964946875 0.6102748015625 0.498865409375 0.6096810515625 0.4934143515625 0.6099449406249999 0.4890181875 0.61205555625 0.48550132343749997 0.61647495
2 0.5181203703125 0.6098129953125 0.520318121875 0.6055255453124999 0.5220767203125 0.59945709375 0.5198786375 0.5964888390625 0.515306878125 0.5910141375 0.5085367062499999 0.5901567453125 0.5011514546875 0.59299305625 0.49666732812500003 0.5979399796875 0.4959639546875 0.6011721234375 0.498689484375 0.605789434375 0.5035691140624999 0.6096408734375001 0.5097678578125 0.6123854171875001 0.5133723546875 0.6119895828125 0.5181203703125 0.6098129953125
2 0.45397420625 0.5778447421874999 0.4550942453125 0.5753231640625 0.45181944375 0.57150868125 0.44664880937499996 0.5679526296875 0.438806546875 0.5679526296875 0.43432506562500006 0.5695044640625 0.43182572812500003 0.5728018359375 0.43053306874999997 0.5754526296875 0.430447090625 0.5793963296875 0.4335925921875 0.5835885421875 0.439151125 0.5865731640625 0.44871726250000005 0.58515079375 0.4533707015625 0.581530009375 0.45397420625 0.5778447421874999
2 0.33982605781249997 0.511705109375 0.3327857140625 0.5135915171875001 0.33067361093750003 0.5165344734375 0.3278574734375 0.52158978125 0.32836045 0.5244570937499999 0.3294666 0.528380953125 0.3353002640625 0.5313236609375 0.34073148125 0.5326063984375 0.3485763890625 0.5304935515625 0.3520965609375 0.5266453375 0.3520965609375 0.5216654265625 0.3503869046875 0.5156984125 0.34777182500000003 0.5135161203124999 0.344855159375 0.5126860125 0.33982605781249997 0.511705109375
0 0.3833756609375 0.45633655781250004 0.3791035046875 0.4551111109375 0.3813650796875 0.46086111093750004 0.3881501328125 0.4628405265625 0.39405555625 0.46416021875 0.3953118390625 0.460295634375 0.3909143515625 0.4574677578125 0.3896577375 0.458315971875 0.3870191796875 0.4570905265625 0.3833756609375 0.45633655781250004
0 0.417174271875 0.487341765625 0.4189332015625 0.484608134375 0.415540675 0.481591765625 0.4091329359375 0.47744419687499995 0.4052377640625 0.4784811515625 0.4068713625 0.4872475203125 0.41390740781249996 0.4887557046875 0.417174271875 0.487341765625
0 0.42056646875 0.4977978671875 0.4224513890625 0.49723239062499996 0.4271001984375 0.49308482187499997 0.4249642859375 0.4896912203125 0.42044080624999997 0.4866748515625 0.40599173281249995 0.496478175 0.40837896875 0.4999657734375 0.41591765937499997 0.501002728125 0.42056646875 0.4977978671875
0 0.41177149531249996 0.505904265625 0.415038359375 0.5076954359375 0.417174271875 0.5071297125 0.4191845234375 0.5082609125 0.4216974203125 0.5087321421875 0.42358201093750003 0.5048675593749999 0.4214460984375 0.502605159375 0.40834755312500004 0.5001708828125 0.40586607187499996 0.5024166671875 0.4066200390625 0.50439608125 0.40988690468750005 0.503736359375 0.41177149531249996 0.505904265625
0 0.3963171296875 0.5169295640625 0.3990813484375 0.5175892859375 0.40222222187499995 0.5174950390624999 0.4042328046875 0.515515625 0.40599173281249995 0.5141016859375 0.41177149531249996 0.513158978125 0.4113945109375 0.510896825 0.40190840000000005 0.50841641875 0.39254761875 0.5083516859375 0.3910400125 0.5092001484375 0.3938042328125 0.51249925625 0.3963171296875 0.5169295640625
0 0.3434732140625 0.5105213296875 0.34381283125 0.5086108625 0.3430486109375 0.5044717265625 0.339568453125 0.5043442453125 0.33328736718749996 0.5053630953125 0.325902778125 0.505681546875 0.3218283734375 0.5053630953125 0.324883928125 0.513259425 0.3270909390625 0.51574305625 0.3317807546875 0.51463665625 0.332608465625 0.5133869046874999 0.3415208328125 0.511285465625 0.3434732140625 0.5105213296875
0 0.3735211640625 0.5122405750000001 0.374285053125 0.506955109375 0.3744550265625 0.5058090281250001 0.37190840000000003 0.5042807546875 0.37088988125 0.5022428078125001 0.36036441875 0.4998229171875 0.357818121875 0.5112217265625 0.3700836640625 0.515034721875 0.372248015625 0.5141510421875 0.3716537703125 0.513259425 0.3735211640625 0.5122405750000001
0 0.390068453125 0.577243303125 0.38973511875 0.5781599703125 0.3892910046875 0.5834097218750001 0.391068121875 0.584159721875 0.3927341265625 0.5878263890625 0.396288690625 0.5893263890625 0.3990654765625 0.5875763890625 0.3970661375 0.582909721875 0.39606646875 0.5810763890625 0.3927341265625 0.5796597218749999 0.390068453125 0.577243303125
0 0.4060631609375 0.56616021875 0.3949556875 0.5677435515625 0.3987602515625 0.57660540625 0.4090625 0.573993303125 0.412505621875 0.572993303125 0.4060631609375 0.56616021875
0 0.4418296953125 0.5676602187500001 0.44171858437499995 0.5632435515624999 0.43860846562500005 0.5625768843750001 0.43738657343750004 0.5608268843750001 0.43838624375 0.5584938 0.43238822812500005 0.559410465625 0.43272122968750004 0.5604935515625 0.427056546875 0.56241021875 0.42994444375 0.5725766375 0.43127744687499997 0.5721599703125 0.43494279062499996 0.5692435515625001 0.4418296953125 0.5676602187500001
0 0.455380621875 0.5360424109374999 0.45782440468749996 0.5326257437499999 0.45426984062500003 0.5308759921874999 0.4458283734375 0.53587574375 0.44482870312499995 0.5375424109375 0.453325728125 0.542762153125 0.45593617656249996 0.5403757437500001 0.455380621875 0.538709078125 0.455380621875 0.5360424109374999
0 0.560402446875 0.449945684375 0.558847221875 0.447195684375 0.55284920625 0.4461123515625 0.5496279765625001 0.44444568437500004 0.54396329375 0.445445684375 0.5422969578125 0.4482790171875 0.54968353125 0.4560193453125 0.5532936515625 0.45752877031250005 0.5576253312499999 0.4551954359375 0.560402446875 0.449945684375
0 0.524302909375 0.443195684375 0.52519146875 0.4503623515625 0.52730191875 0.453362103125 0.532744709375 0.4519454359375 0.534521825 0.4453623515625 0.5287460312500001 0.4453623515625 0.524302909375 0.443195684375
0 0.48153902187500003 0.4442790171875 0.4805393515625 0.4477790171875 0.48620403437500004 0.4520287703125 0.49186904687500005 0.4550287703125 0.4994219578125 0.45060441406249996 0.49642295000000003 0.447695684375 0.48698148124999996 0.44627901718749996 0.48153902187500003 0.4442790171875
0 0.47787334687499994 0.46036210312500003 0.4860929234375 0.46277852187499996 0.4892030421875 0.45869543593750006 0.49186904687500005 0.4544454359375 0.4795396828125 0.447195684375 0.4748743390625 0.4458623515625 0.46876521093749995 0.4516954359375 0.472541996875 0.45711210312499995 0.47787334687499994 0.46036210312500003
0 0.48687070156249995 0.4736116078125 0.4863151453125 0.46327852187499996 0.4740968921875 0.4595287703125 0.4735416671875 0.46686185468749997 0.47420800312500005 0.47152827343750003 0.48009490781249997 0.4726116078125 0.48687070156249995 0.4736116078125
0 0.45699140156249995 0.46211185468749993 0.45676917968749997 0.464778521875 0.457435515625 0.4671951890625 0.46376686562499997 0.467528521875 0.46743253906250004 0.46627852187499996 0.47165310781249997 0.4653618546875 0.47343055625 0.4634451890625 0.47331944375 0.460112103125 0.47318055625 0.459455853125 0.46854298906249997 0.4624451890625 0.463211640625 0.4606954359375 0.459545965625 0.46111210312499995 0.45699140156249995 0.46211185468749993
0 0.4546587296875 0.47069518906249996 0.455325065625 0.47627827343750007 0.46099007968750005 0.47869494062499995 0.46565509218749995 0.47894494062500004 0.46498875625 0.4753616078125 0.46621064843750004 0.4688618546875 0.46343353125000003 0.4671951890625 0.4565469578125 0.46711185468750005 0.4565469578125 0.468778521875 0.4546587296875 0.47069518906249996
0 0.49009159999999996 0.485021825 0.4899804890625 0.481271825 0.48809226250000004 0.47360540625 0.47731812187499995 0.47277207343749994 0.4740968921875 0.47377207343750005 0.47554100468750005 0.483105159375 0.47887301562499995 0.48518849218750004 0.49009159999999996 0.485021825
0 0.48564880937500005 0.4968549109375 0.49397949687500003 0.491105159375 0.494090278125 0.48985515937499996 0.48853670625 0.48535515937499996 0.4784289015625 0.485521825 0.47498545 0.4835104171875 0.4717642203125 0.483855159375 0.47132010625 0.48652182499999996 0.47498545 0.4921049109375 0.48564880937500005 0.4968549109375
0 0.47187533125 0.5057651296875 0.47520767187499996 0.5098484625 0.47520767187499996 0.51151488125 0.48176124375 0.5103484625 0.4824275796875 0.5073484625 0.48309391562500004 0.5038484624999999 0.4824275796875 0.5007651296875 0.48376058125 0.49943204375 0.48442691875 0.49801537656250006 0.47731812187499995 0.49443204375 0.476540675 0.49793204375 0.4700982140625 0.49818204374999997 0.4682099875 0.49968204375 0.4700982140625 0.5053484625 0.47187533125 0.5057651296875
0 0.4888700390625 0.5034317953125 0.499755290625 0.5034317953125 0.5034206343750001 0.49234871093750004 0.49686739375 0.48959895781249996 0.4954232796875 0.4901822921875 0.4824275796875 0.5000987109375 0.4842046953125 0.5016817953125 0.4888700390625 0.5034317953125
0 0.50319874375 0.4860186015625 0.5071974203125 0.4845188484375 0.5090856484375 0.4805188484375 0.50319874375 0.4777688484375 0.49511772499999995 0.47684598281249996 0.4882033734375 0.4749357640625 0.4910912703125 0.4836021828125 0.494534721875 0.485685515625 0.50319874375 0.4860186015625
0 0.5153058859375 0.48751860156250004 0.5235254625 0.488601934375 0.5250803578125 0.479435515625 0.5234143515625 0.47851884843750003 0.5200820109375 0.477685515625 0.513861771875 0.476685515625 0.511307209375 0.47893551562500003 0.512306878125 0.4806021828125 0.5104186515625 0.4850188484375 0.5153058859375 0.48751860156250004
0 0.5370767203125 0.47260243125 0.534521825 0.46893576406250004 0.5301898140625 0.46560267812499995 0.5257470234375 0.46451934531249994 0.5247473546875 0.4664357640625 0.5258578046875 0.46968576406249996 0.5258578046875 0.472519096875 0.5196378968750001 0.471769096875 0.5181937828125001 0.47385243125 0.5198320109375001 0.4764295640625 0.5258578046875 0.47935218281249997 0.5309672625 0.47560243125 0.5370767203125 0.47260243125
0 0.523303240625 0.46352554531249995 0.5359381609375 0.46684920625000004 0.5404087296875 0.46235887968749995 0.531633928125 0.45552579375 0.523303240625 0.46352554531249995
0 0.5067529765625001 0.5544985125 0.506641865625 0.5505818453125 0.4949791671875 0.5480729171875 0.49220205000000006 0.55916493125 0.50375396875 0.56041493125 0.5067529765625001 0.5544985125
0 0.5380763890625 0.51675868125 0.5310783734375 0.5240084328125 0.531633928125 0.5252584328125 0.540519840625 0.5256750984375 0.5525158734375 0.5239250984375 0.554737434375 0.5212584328125 0.5552374343750001 0.5164166671875 0.5494057546875 0.5156753468749999 0.5462956343750001 0.5178420140625 0.5440744046875 0.513925346875 0.5380763890625 0.51675868125
0 0.46132308125000004 0.585068453125 0.4607678578125 0.587068453125 0.46873743437500004 0.5905592765625001 0.46954265937499995 0.5849017859375001 0.47132010625 0.5813187 0.46432242031250004 0.5834853671875 0.46132308125000004 0.585068453125
0 0.499310846875 0.5946485609375001 0.501421296875 0.5921485609375 0.49364616406249995 0.588398809375 0.4907582671875 0.5890652281250001 0.49220205000000006 0.5917318953125 0.48642625625 0.5914818953125 0.48231646875 0.5954818953125 0.4808723546875 0.5956485609375 0.47887301562499995 0.596315228125 0.47598511875 0.5962318953125 0.47398577968750005 0.5972318953125 0.4732083328125 0.5995649796875 0.47942857187500004 0.6025649796875 0.48487103125 0.6031483140625 0.49242427187500004 0.6058983140625 0.49464583281249996 0.6043149796875 0.4931739421875 0.6025344734375 0.49575661406249993 0.6000649796874999 0.49675628281249995 0.5979818953125 0.499310846875 0.5946485609375001
0 0.46932076718750004 0.61730853125 0.48153902187500003 0.62422495 0.4856765875 0.6199248515625 0.48564880937500005 0.6177251984375001 0.47520767187499996 0.611641865625 0.46932076718750004 0.61730853125
0 0.48198313437499996 0.6438911203125001 0.4777622359375 0.6440577875 0.48176124375 0.6518908734375 0.4892030421875 0.6521408734375 0.4952010578125 0.6533908734375 0.4963118390625 0.65097420625 0.5001997359375 0.6493908734375 0.500866071875 0.6473911203125 0.4944236109375 0.6411411203124999 0.492479828125 0.6372108140625 0.48564880937500005 0.6402244546875 0.48464914062500003 0.6431411203125 0.48198313437499996 0.6438911203125001
0 0.53407738125 0.6034015375 0.5360767203125001 0.6029015375 0.5404087296875 0.5984848703125001 0.5398535046874999 0.5965682046875 0.540519840625 0.5939017859375 0.5360767203125001 0.592641865625 0.5336332671874999 0.5951515374999999 0.5315228171874999 0.6021515375 0.53407738125 0.6034015375
0 0.5643174609375 0.59708978125 0.56077579375 0.59984920625 0.559277115625 0.597805059375 0.55832374375 0.6043459828125 0.5615932546875 0.6044481640625 0.574670965625 0.6052658734375 0.5753518515625 0.598009425 0.5663611109375 0.595658978125 0.5643174609375 0.59708978125
0 0.5833892203125 0.5861542656250001 0.5787576062500001 0.5866654265625 0.5760330687499999 0.5860520828125 0.5723207671874999 0.5950367062499999 0.57630555625 0.5969875984375 0.5843429234374999 0.5995426593750001 0.5889745375000001 0.5879938 0.5833892203125 0.5861542656250001
0 0.5655436515625001 0.6132373515625 0.579575065625 0.6115 0.5768505296875001 0.605674603125 0.574534721875 0.6052537203125 0.5639090609374999 0.6052658734375 0.5620016531250001 0.6070032234375 0.5655436515625001 0.6132373515625
0 0.5860251328125 0.6514950390625 0.5933700390625 0.644524553125 0.5833707015625 0.638283978125 0.5821316140625 0.638483134375 0.5756719578125 0.6448563984375 0.5860251328125 0.6514950390625
0 0.59761739375 0.619496528125 0.594608796875 0.6207576890625 0.58611375625 0.619894840625 0.5943432546875 0.630716021875 0.60018353125 0.634234375 0.6018650796875 0.6295873015625 0.607152115625 0.6300932546875 0.6069973546874999 0.6284588296875 0.6023958328125001 0.6265334828125 0.59761739375 0.619496528125
0 0.5796541000000001 0.6169737109375 0.5870869703125 0.6197619046875 0.594520171875 0.6202931546875 0.5981484781249999 0.6192973703125 0.5962900125 0.6119283234374999 0.5946531078125 0.60960243125 0.5895648140625 0.6102686015625001 0.5822202375 0.608409721875 0.580450396875 0.60993675625 0.5796541000000001 0.6169737109375
0 0.60042691875 0.60718824375 0.613789021875 0.6057862109375 0.611134259375 0.59955381875 0.596887565625 0.5999521328124999 0.60042691875 0.60718824375
0 0.6204255953125 0.6175446421874999 0.6221071421875 0.60745386875 0.61538194375 0.6049310515624999 0.6120191796875 0.6077857140625 0.6127271828125 0.616548859375 0.6204255953125 0.6175446421874999
0 0.6325489421875 0.6161505453125 0.636619378125 0.608914434375 0.625115740625 0.6034042656249999 0.6221954359375 0.6037361109375 0.621200065625 0.6059521328125 0.6226378968749999 0.608914434375 0.622460978125 0.61316319375 0.6325489421875 0.6161505453125
0 0.5832860453125 0.45535590312499996 0.57562896875 0.457570684375 0.573968584375 0.4593700390625 0.5881752640625 0.4622767859375 0.59057374375 0.4585396828125 0.5881752640625 0.45694766875 0.5832860453125 0.45535590312499996
0 0.637899140625 0.47438343281249995 0.6395595234375 0.48241170625 0.6534897484375 0.4815119046875 0.6524748671875 0.4770825890625 0.6473088625 0.4714766859375 0.637899140625 0.47438343281249995
0 0.6687341265625 0.526165921875 0.664490740625 0.52602728125 0.662553240625 0.523328125 0.6600625 0.5242279265625001 0.6572027109375 0.53191021875 0.6651365734375 0.5357167656249999 0.6709484125 0.5302492562500001 0.672424271875 0.5265811015625 0.6687341265625 0.526165921875
0 0.63109556875 0.5438142359375 0.6283280421875 0.5404228671875 0.6254682546875 0.5410458828125 0.6238998015624999 0.5422916671875 0.624637896875 0.5451984125 0.6255605156249999 0.5472056046875 0.6313723546875 0.5535729171875 0.635615740625 0.5556490578125 0.6377377640625 0.5563412703124999 0.639213625 0.5563412703124999 0.6389368390625 0.554818453125 0.639490409375 0.5522579359375 0.6432728171875 0.545267609375 0.63810648125 0.542084078125 0.63109556875 0.5438142359375
0 0.6237152781249999 0.54298363125 0.6214090609375 0.5447140375 0.6184570109374999 0.546305803125 0.6141210312500001 0.5482435515625 0.6109844578125 0.5493509421875 0.6089550265625 0.5511505453125001 0.60913955 0.5537805062500001 0.6100621687500001 0.55495709375 0.612645171875 0.5563412703124999 0.6147668656249999 0.55765625 0.6149513890625 0.55917881875 0.6279589953125 0.5632621531249999 0.6323869046875 0.5602170140625 0.6351544312499999 0.55621006875 0.6257447093749999 0.5491433531250001 0.62509920625 0.5477591765625001 0.6237152781249999 0.54298363125
0 0.6479775125 0.5804208828124999 0.6524057546875001 0.5827048609375 0.663660384375 0.5790367062499999 0.6583098546875 0.5708008437500001 0.6541584 0.56962425625 0.6540661375 0.56727108125 0.6493614421875 0.569693453125 0.6462248671874999 0.5731540171875 0.6479775125 0.5804208828124999
3 0.5085863093749999 0.4393452375 0.5137781078125 0.4398732640625 0.5143062171875 0.4419858625 0.5136021828125 0.44515476249999997 0.5174738750000001 0.44541889843750004 0.5202900125000001 0.440335565625 0.5190578703125001 0.426009425 0.5177380953124999 0.4229032734375 0.5087622359374999 0.4293764875 0.505682209375 0.434195684375 0.5085863093749999 0.4393452375
3 0.483770503125 0.443501984375 0.4843865734375 0.44449206406249997 0.496354496875 0.44627480156250005 0.49864252656249997 0.4473970734375 0.504450396875 0.44997172656249995 0.5103462296875 0.4488494546875 0.512458003125 0.44607663750000004 0.513954034375 0.441389384375 0.5131620375 0.43987078437499993 0.508520171875 0.439898065625 0.5033062171875 0.4366359125 0.5005783734375 0.43934275781250004 0.49468253906250004 0.44026711250000006 0.483770503125 0.443501984375
3 0.524953703125 0.470826140625 0.5245138890625001 0.46039533749999995 0.512458003125 0.4599330359375 0.5103462296875 0.462045634375 0.512458003125 0.46402628906250004 0.51870601875 0.47128819375 0.52020205 0.47095808593750005 0.524953703125 0.470826140625
3 0.5016342593750001 0.47181646875 0.5012824078125 0.47485317499999996 0.50656216875 0.478946428125 0.5128101859374999 0.4779561015625 0.5174738750000001 0.473070684375 0.5183538359375001 0.47168427656249995 0.511930225 0.4651485609375 0.5095102515625001 0.46440004999999995 0.508322090625 0.4646865078125 0.5040102515625 0.4677891859375 0.5016342593750001 0.47181646875
3 0.5485373671875 0.4609233625 0.545193453125 0.4592068453125 0.5433455687500001 0.46237574375 0.5366577375 0.467459325 0.5368336640625 0.4695716765625 0.5443134921875 0.47491939531250005 0.55548941875 0.46567683593750003 0.5485373671875 0.4609233625
3 0.5329616406250001 0.4555099203125 0.5384176593750001 0.4603291171875 0.5506494703125 0.4569751984375 0.5409695765625 0.44804985156250005 0.5333138234375 0.452209078125 0.5329616406250001 0.4555099203125
3 0.54587533125 0.47517956406249995 0.5483392859375 0.47729216250000006 0.546755290625 0.478282490625 0.5483392859375 0.4815833328125 0.5512433859375 0.48085714218750003 0.5567873671875 0.4821775796875 0.559603175 0.48059300625 0.565939153125 0.4757075890625 0.557799271875 0.4691850203125 0.554411375 0.4685776296875 0.5514193125 0.4704923109375 0.54587533125 0.47517956406249995
3 0.4937364421875 0.4862202375 0.4930324078125 0.48760664687500005 0.5034163359375 0.4918318453125 0.514152115625 0.4918318453125 0.5149001328125 0.48733457343750003 0.508608134375 0.483513640625 0.5047361109375 0.48635243125 0.4937364421875 0.4862202375
3 0.5165281078125 0.49473660781250006 0.51336011875 0.49209598281250005 0.5041203703125 0.4922279265625 0.5006881609375 0.5020647328125001 0.5135360453125 0.5015364578125 0.5165281078125 0.49473660781250006
3 0.4981584 0.511253471875 0.502382275 0.512969990625 0.50519808125 0.512309771875 0.5068700390624999 0.5134982640625 0.512589946875 0.5140262890625 0.5135582015625 0.5121118546875 0.513822090625 0.503859375 0.512414021875 0.501944940625 0.5012384265625001 0.50240699375 0.49965443125000003 0.5039915671874999 0.4848707015625 0.5040575390625001 0.48390277812500004 0.5130359624999999 0.494902446875 0.5125079359375 0.4981584 0.511253471875
3 0.47365079374999997 0.4915994546875 0.46661111093749996 0.48625198437500006 0.4616832015625 0.481960565625 0.45622718281249997 0.48116840312500003 0.45288326718749994 0.48301686562499996 0.4598349875 0.4945701890625 0.46678703749999995 0.49919146875 0.47365079374999997 0.4915994546875
3 0.36786111093749996 0.4922973703125 0.368876653125 0.49596850156250005 0.369799934375 0.4983928578125 0.371461640625 0.500955853125 0.371369378125 0.5035880453125 0.37416236718749996 0.5053442453125 0.38725 0.5015099203125 0.3832797625 0.492228175 0.3764474203125 0.490080853125 0.36786111093749996 0.4922973703125
3 0.3861421953125 0.523883184375 0.3891888234375 0.5250607640625 0.3977754625 0.5184112109375001 0.390112103125 0.514670634375 0.38660383593750003 0.514670634375 0.3837414015625 0.520696925 0.3861421953125 0.523883184375
0 0.384757275 0.5251302078125 0.3826335984375 0.5214588296875 0.3855879625 0.5143936015625 0.375431878125 0.513423859375 0.3699844578125 0.5200736609375001 0.37340079375 0.524091021875 0.384757275 0.5251302078125
3 0.40818584687500004 0.5496696421875 0.406358465625 0.5481681546875 0.40616269843749997 0.5380404265625 0.3996577375 0.5402036203125 0.40131117656250004 0.5476458328125 0.40287764531250003 0.550387896875 0.40818584687500004 0.5496696421875
3 0.4491719578125 0.549341021875 0.45099933906249995 0.544118303125 0.45230456406249997 0.54235540625 0.44386375625 0.5369370046874999 0.4402089953125 0.5345213296875 0.4337695109375 0.5439223703125 0.44247122968749997 0.5469905749999999 0.4491719578125 0.549341021875
3 0.46431316093749997 0.5464337796875001 0.462659721875 0.5476088796874999 0.46144146875000003 0.54558506875 0.45891798906250003 0.5476743546875 0.45743882343750003 0.5464337796875001 0.4583088625 0.54199454375 0.45595932499999997 0.5454546125 0.45656845312499994 0.5481312 0.4612675265625 0.551917659375 0.4684031078125 0.5504813984375 0.4692731484375 0.54871875 0.46988260625 0.5453893843750001 0.46587962968749996 0.5418745046875 0.4633561515625 0.5438224203125 0.46466137500000004 0.5442795140625 0.46431316093749997 0.5464337796875001
3 0.369527446875 0.5717765375 0.367700065625 0.5737348703125 0.3732691796875 0.575889384375 0.3797086640625 0.5769992562499999 0.383450396875 0.5726252484375001 0.3832764546875 0.5677941468750001 0.38118816093749996 0.5650520828125 0.371093915625 0.5660967265625 0.3698756609375 0.5685776296875 0.369527446875 0.5717765375
3 0.370832671875 0.580459078125 0.3678740078125 0.58267881875 0.36830919375 0.5855513390625 0.3774460984375 0.5882931546875 0.3870181875 0.584572171875 0.38754034375 0.5822219734375 0.3857129625 0.5795451390624999 0.37727215625 0.5767380953125001 0.379273478125 0.579283978125 0.3766630296875 0.5800674609375001 0.370832671875 0.580459078125
3 0.4141683203125 0.567924603125 0.41295006562500003 0.563746528125 0.40964318750000006 0.561787946875 0.40616269843749997 0.559568453125 0.4023336640625 0.560482390625 0.3998101859375 0.5625714281249999 0.3946759265625 0.56309375 0.39598115156249997 0.5668149796875 0.40346494687499995 0.565835565625 0.407380953125 0.56655381875 0.412689153125 0.5715806046874999 0.4141683203125 0.567924603125
3 0.41386375624999994 0.5755592765624999 0.412384590625 0.5734050093749999 0.3996795640625 0.577126240625 0.40385648124999995 0.58678819375 0.41412466875 0.5842420640625 0.41386375624999994 0.5755592765624999
3 0.43631481406250006 0.5968382937500001 0.44075264531249997 0.5955327375 0.44049173281250004 0.592007440625 0.43962136249999995 0.58756795625 0.434487434375 0.586131696875 0.4320509265625 0.5873067953125 0.42848313437499996 0.59089756875 0.42857010625 0.59474925625 0.4325727515625 0.5965771328125 0.43631481406250006 0.5968382937500001
3 0.477670634375 0.6116356640625 0.4747989421875 0.6079796625 0.46531382343749994 0.602561259375 0.45922255312500004 0.6049114578125 0.4631385578125 0.6104605656250001 0.46618419375000003 0.613920634375 0.477670634375 0.6116356640625
3 0.47949801562500005 0.6082408234375001 0.4796719578125 0.6102646328125 0.477148478125 0.609089534375 0.477670634375 0.6120927578125 0.4845453046875 0.6154873515625 0.48750396875 0.6135290171875 0.49011441875 0.6107217265625 0.49289914062499995 0.6075880453125 0.4917678578125 0.6055642359375 0.4861114421875 0.6047807546875 0.48115145468750004 0.603148809375 0.47906283125 0.6053030749999999 0.47897585937500003 0.60634771875 0.47949801562500005 0.6082408234375001
3 0.48444973593749996 0.6396314484375 0.4889914015625 0.6382842265625001 0.48339351875 0.6312321421875 0.48223181249999997 0.630915178125 0.47409920625 0.6344015375 0.476950728125 0.64335540625 0.4839216265625 0.6432762890625 0.48444973593749996 0.6396314484375
3 0.59183829375 0.6436693953125 0.5958518515625 0.6414506453125 0.6009216265624999 0.635587053125 0.5972248671875 0.632972221875 0.591336640625 0.629478421875 0.58602943125 0.633923115625 0.5823326718749999 0.636537946875 0.58676851875 0.640658234375 0.59183829375 0.6436693953125
3 0.6069421296875 0.6242619046875 0.6118005953125001 0.6175265375000001 0.6115892859375001 0.6154665171875 0.6116947749999999 0.610078125 0.6096881609375 0.6073841765625 0.6012384265625 0.6081765875 0.5968025796875 0.6113459828125001 0.59849239375 0.619665921875 0.6034566796874999 0.62568824375 0.6069421296875 0.6242619046875
3 0.6112724875 0.6310763890625 0.61908829375 0.6246579859375 0.6125396828125 0.6183189484375 0.6076812171875 0.62457886875 0.6040902781249999 0.6262428078125 0.6112724875 0.6310763890625
3 0.619755621875 0.6391907234375 0.620600859375 0.6385567953125 0.6237933203125 0.639402034375 0.626891865625 0.639402034375 0.6297086640625 0.6347529765625 0.6298964953125 0.6322170140625001 0.629333003125 0.6306671625 0.6194742062499999 0.6250959828125 0.6118687171875 0.6318648312499999 0.6114930562499999 0.6329213796875 0.619755621875 0.6391907234375
3 0.6555297625 0.61928125 0.6609758593749999 0.6162522328125 0.6606941140625 0.612870784375 0.6620085984374999 0.6104759421875 0.662196428125 0.60716493125 0.6618207671875 0.605122271875 0.6525251328125 0.60279761875 0.6512106484375 0.6041359125 0.645670965625 0.6040654765625 0.6459527109375001 0.608926090625 0.645858796875 0.6144206343749999 0.64576488125 0.6173087796875001 0.6500839953125 0.6180131453125 0.65186805625 0.6175200890625 0.6537457015625 0.6193516859375 0.6555297625 0.61928125
3 0.6383703703125 0.606321925 0.6393095234375 0.6027998515624999 0.6372437171875001 0.5997708328125 0.6314222890625001 0.5970235609375 0.6216570765625 0.6003343250000001 0.624755621875 0.6027998515624999 0.6351779093750001 0.60674454375 0.6383703703125 0.606321925
3 0.6299199734375 0.5905429062499999 0.6282298281250001 0.5847666171875 0.6267275125 0.5842031249999999 0.6196851859375 0.5877251984375 0.618464615625 0.5887817453124999 0.6190281078125001 0.5911768359375 0.6191220234375 0.59455084375 0.6170562171875 0.598080109375 0.620060846875 0.600123015625 0.6289808203125 0.5975166171875 0.6299199734375 0.5905429062499999
3 0.604286375 0.5905429062499999 0.6037232140625 0.5944875984375 0.6045681218750001 0.5986436015625001 0.6093568125 0.59899603125 0.6134880953125 0.5994186515625 0.6164930562500001 0.5979392359375 0.6182767859375 0.5954737109375 0.617713625 0.5896212796875 0.6135820109375001 0.5868092765624999 0.607854496875 0.587443453125 0.6052255296875 0.5885 0.604286375 0.5905429062499999
3 0.5483392859375 0.560701140625 0.5484070765625 0.5596857640625 0.546714946875 0.558771825 0.5446167328125 0.5580607640624999 0.5394054234375 0.5581116078125 0.5354120375 0.5592795140625 0.5352767859374999 0.562123015625 0.531825065625 0.5644079859375 0.534329034375 0.5666421125000001 0.5360211640625 0.570450396875 0.53771329375 0.5725322421875 0.542112434375 0.571212053125 0.5480515875 0.5662537203125 0.5479332015625 0.5627829859375 0.5473918656250001 0.560904265625 0.5483392859375 0.560701140625
3 0.56613955 0.5740553078125 0.5707417328125 0.5719228671875001 0.5695912703125 0.569180803125 0.5587622359375 0.5602951390625 0.5560548937500001 0.5594317953125 0.548880621875 0.5668452375 0.5557843921875001 0.5750200890625 0.55903306875 0.5756803078125 0.56613955 0.5740553078125
3 0.56911739375 0.568216021875 0.570200396875 0.5679623015625 0.57013260625 0.5679623015625 0.579472884375 0.5624784218750001 0.5697943125 0.5547604171875 0.55903306875 0.5604982640625 0.56911739375 0.568216021875
3 0.5886775796875 0.552424603125 0.589151125 0.5500381937500001 0.591520171875 0.5492765375 0.5886775796875 0.5480071921875 0.573178571875 0.5468901296875 0.57013260625 0.5531356640625 0.5685082671874999 0.5541004468749999 0.5728399468750001 0.5563345734375 0.58136805625 0.5578578875 0.5839398140625 0.553084821875 0.5852933203124999 0.5520186015624999 0.5886775796875 0.552424603125
3 0.583770503125 0.5205463796875 0.5830261250000001 0.52460863125 0.5895234781250001 0.527858134375 0.5975099203124999 0.527756696875 0.5920277781250001 0.52318675625 0.5887791 0.519226190625 0.583770503125 0.5205463796875
1 0.50799305625 0.4299203875 0.50891898125 0.4286470734375 0.510847553125 0.42766319375000006 0.51316170625 0.4256376484375 0.5147817453125 0.4240751484375 0.5101531078125 0.42610069375000004 0.5071445109375 0.42656374062499997 0.5056789015625001 0.42615848281249996 0.5049074078125 0.4248854171875 0.5049847890625 0.42025545624999994 0.505910384375 0.41765972187499995 0.506758928125 0.41702331406250004 0.50799305625 0.4165022328125 0.5096901453125 0.41569221250000005 0.510847553125 0.41453472187499996 0.511387565625 0.41337723281249994 0.5099216265625001 0.4126827875 0.5082245375000001 0.413261409375 0.5086875 0.410251984375 0.511001653125 0.40753199375 0.5121587296875 0.4040595234375 0.51269874375 0.40157118125 0.5129302250000001 0.4005873015625 0.5138558203125 0.39983482187499997 0.5145502640624999 0.39861954375 0.5138558203125 0.397462053125 0.5120816796875001 0.39503149843749996 0.5125446421875 0.3938162203125 0.5123131609375 0.3920220734375 0.5112331343750001 0.3913276296875 0.50845601875 0.39248511875 0.50799305625 0.39555233125 0.50799305625 0.3980987109375 0.50830191875 0.4009345234375 0.5077619046875 0.4040595234375 0.505755953125 0.405680059375 0.5058333328125 0.4008187 0.5070674609375 0.3965939984375 0.5080704359375 0.3942790171875 0.5077619046875 0.39219568437499996 0.506218915625 0.38947569375 0.50421329375 0.386929315625 0.502130621875 0.3852509921875 0.4995849875 0.3889548609375 0.49827347812499995 0.395841765625 0.4962678578125 0.40329861093749997 0.49572784375 0.40497693437500004 0.493104828125 0.4070024796875 0.49148511875 0.4060766375 0.48369378281250003 0.4056713796875 0.4851593921875 0.4065974703125 0.493259259375 0.408044146875 0.49526488124999996 0.40734970312499996 0.4940307546875 0.412326884375 0.4901736109375 0.41863492031250005 0.4876279765625 0.419966021875 0.48693353124999994 0.42158655781250004 0.48631646875 0.42170238125 0.48523644218750006 0.4231490578125 0.48685648125 0.42656374062499997 0.4878594578125 0.4287048609375 0.488708003125 0.4293415171875 0.49001917968750003 0.42905208281249996 0.49997056874999996 0.4297467765625 0.5055631609375 0.4324866078125 0.5056789015625001 0.43235094218750003 0.5075304234375 0.4304412203125 0.50799305625 0.4299203875
1 0.4416792328125 0.438528521875 0.4404490734375 0.4388122515625 0.44092228906250003 0.44257415624999996 0.44092228906250003 0.44924603125000007 0.4390300921875 0.452369046875 0.4272986109375 0.4645771328125 0.4224735453125 0.48125694374999994 0.4240820109375 0.48494766875 0.4333535046875 0.48650917656250003 0.43997619062500004 0.485515625 0.450288359375 0.496435515625 0.45151818749999995 0.49927455312499996 0.452369709375 0.49998437500000004 0.4546405421875 0.502681546875 0.45303207656250005 0.5045267859375 0.44716633593750005 0.5034623015624999 0.44338194375000006 0.5033201890625 0.43978703750000003 0.5048107640625 0.43865145468750005 0.5071530265625 0.43827314843750004 0.5099920640625 0.43808399531250003 0.5125473703125001 0.438935515625 0.5133281249999999 0.44319279062500005 0.51141170625 0.4457473546875 0.5116245046875 0.4463148140625 0.5131150796874999 0.446693453125 0.513469990625 0.44811243437500003 0.5138958328125 0.45038293593749995 0.5141798109375 0.4510453046875 0.5141798109375 0.4510453046875 0.5131150796874999 0.45151818749999995 0.511695684375 0.45151818749999995 0.5110567953125 0.4510453046875 0.510205109375 0.4512344578125 0.5094952875 0.45284292343750004 0.5101341765625 0.4540727515625 0.5110567953125 0.4553025796875 0.511269840625 0.4578571421875 0.511269840625 0.459276125 0.511127728125 0.45965476250000004 0.5129022812499999 0.4627767859375 0.5156703874999999 0.463722884375 0.5177996031250001 0.4656150796875 0.522334325 0.45776256562500006 0.531561259375 0.4551134265625 0.5379494046875 0.45757341250000005 0.5412142859375 0.46343915312500006 0.5431307046875 0.464858134375 0.5422790171874999 0.46504728906250004 0.539865575 0.4670340609375 0.5335486109375001 0.4684533734375 0.5264508921875 0.46949404687499996 0.5236827875000001 0.472994378125 0.5240376984374999 0.4748865734375 0.5233988093749999 0.4738459 0.52176636875 0.472616071875 0.5200629953125 0.4721428578125 0.5185014875 0.4718591265625 0.5151654265625 0.4727106484375 0.512539434375 0.4730889546875 0.51076488125 0.4748865734375 0.5116877484375 0.47460284374999995 0.510126240625 0.4716699734375 0.5064352671875 0.47157539687499994 0.5052286703125 0.469588625 0.5043060515625 0.4672232140625 0.49947966250000003 0.46079001249999996 0.4948764875 0.4550188484375 0.48657217187499996 0.4482070109375 0.4789067453125 0.4479232796875 0.4769193953125 0.4507615734375 0.47174330312499996 0.45038293593749995 0.47614384843749996 0.4514236109375 0.47742137968750004 0.45397817500000004 0.478698909375 0.455586640625 0.478698909375 0.45549206406250003 0.4757889390625 0.45473511875000006 0.47039459375000003 0.45624867656249996 0.46925892812500003 0.45587037031250005 0.46656200468750003 0.4566273140625 0.463580853125 0.45719477499999994 0.4594640375 0.45889781718749995 0.45890153749999996 0.4605062828125 0.457269096875 0.459276125 0.4552817453125 0.4605062828125 0.45364930625 0.46192526406249995 0.4524427078125 0.46249305625000003 0.4509521328125 0.46220899531250004 0.44988740156249996 0.4606954359375 0.449248759375 0.465141865625 0.445415921875 0.46949404687499996 0.4434995046875 0.4770625 0.44612574374999997 0.48018452343750007 0.44690649843749997 0.4812255296875 0.445415921875 0.476589615625 0.4439962796875 0.47110218281250005 0.44257688437500003 0.46788558125 0.4421510421875 0.46343915312500006 0.4435704359375 0.4601276453125 0.44676438437500005 0.45577579375 0.45059002968749995 0.4497209 0.44740054531249995 0.4453687171875 0.44761359062499995 0.446693453125 0.44023189531250007 0.4416792328125 0.438528521875
1 0.3949897484375 0.48755233125 0.3933816140625 0.48932688437499994 0.3925300921875 0.490178571875 0.3935707671875 0.490675346875 0.39366534375 0.49351463281249996 0.3922463625 0.4969923109375 0.3960304234375 0.49869593281249996 0.39896329375 0.49834102187499996 0.4007609125 0.500381696875 0.40558597812499997 0.49649553593749995 0.4064375 0.49394047656250006 0.4100327375 0.49138516875000005 0.41258697031249997 0.4902495046875 0.41201951093750006 0.48875892812500005 0.4059642859375 0.4884751984375 0.405869709375 0.48237103125 0.4039775125 0.47868551562499995 0.40719444375 0.4775498515625 0.41201951093750006 0.47875644843750004 0.41069477499999996 0.477337053125 0.40889715625 0.4766981640625 0.40785648124999996 0.4745689484375 0.4077619046875 0.4727234625 0.406910384375 0.46952951406250004 0.4024639546875 0.46548363125 0.4022748015625 0.46250272812500004 0.4039775125 0.45888293593749996 0.40350462968749995 0.45668253906249995 0.403788359375 0.45377256875 0.40255853124999996 0.4518561515625 0.400098875 0.4507204859375 0.3974497359375 0.45221106093749996 0.39716600468749996 0.4556178078125 0.3922463625 0.45221106093749996 0.390637896875 0.449016865625 0.39130026406249996 0.44646180625 0.389597221875 0.44568105156250004 0.388651125 0.44298387968749997 0.38581283125 0.44348065468750003 0.3851504625 0.44930084375 0.3749328703125 0.444403521875 0.37001322812500004 0.43290500937500004 0.3673640875 0.4317693453125 0.3625393515625 0.4347504953125 0.3635800265625 0.43766046562499994 0.36140377031250004 0.4368087796875 0.360457671875 0.438228421875 0.359416996875 0.4441904765625 0.3632013890625 0.44866220312499994 0.366134259375 0.4538435015625 0.36708035781250004 0.459193453125 0.39319246093750004 0.476408978125 0.3932870375 0.48215823437500005 0.3949897484375 0.48755233125
1 0.35338194375 0.48136681562500006 0.3507311515625 0.4832869546875 0.349542659375 0.500225446875 0.34917724843750003 0.500842509375 0.3508224203125 0.5041341765625 0.350914021875 0.5096887406249999 0.352193453125 0.5092088296874999 0.360603175 0.52470709375 0.3671845234375 0.5247755453125 0.3717549609375 0.52223834375 0.370292328125 0.519563740625 0.3711150796875 0.5184665171875 0.367915675 0.5141463296875 0.3572209 0.51112896875 0.3601461640625 0.50008829375 0.36197420625 0.49953125 0.36078604531249997 0.4958365578125 0.3617913359375 0.48877306562499995 0.35685548906250003 0.48040674531249994 0.35338194375 0.48136681562500006
1 0.4039530421875 0.5517026296875 0.3986514546875 0.549782490625 0.39179596562499996 0.546970734375 0.38603736718750004 0.54813665625 0.3853974875 0.5473821921875001 0.38457473593749997 0.5473821921875001 0.3849404765625 0.5490280265624999 0.3758908734375 0.549782490625 0.37077215625000004 0.54937103125 0.3665674609375 0.5438849203125 0.36300264531250004 0.54313045625 0.3582493390625 0.54937103125 0.35550694374999997 0.5453249015625 0.3552328046875 0.554102678125 0.36208829374999996 0.562674603125 0.36528769843750003 0.5647943953125 0.37068088593750004 0.56541170625 0.399839946875 0.5619828874999999 0.4066954359375 0.5588968249999999 0.41016898125 0.55677108125 0.4146478171875 0.5695262890625 0.41263690468750003 0.5719263390625 0.41345965625 0.5737780265625 0.41537896874999997 0.5845443953125 0.417115740625 0.58941319375 0.41510482812499994 0.5911961812500001 0.40386177187500005 0.58756175625 0.39938260625 0.57885243125 0.3968234125 0.5758353171875 0.39417261875 0.5722693453125001 0.39545238125000004 0.571103421875 0.39408101875 0.5676746031250001 0.3913389546875 0.56781175625 0.38749966874999997 0.5644516375 0.3821068125 0.5646572421875 0.383843584375 0.5697318953125 0.384483465625 0.5705548109375 0.383751984375 0.5717891859375 0.38411772499999997 0.5742579359375 0.38685978906249996 0.57652108125 0.3903333328125 0.577275296875 0.3980115734375 0.582144096875 0.399839946875 0.587698909375 0.3926187171875 0.590167659375 0.39371560781250003 0.592087796875 0.3929841265625 0.593870784375 0.39417261875 0.5953794640625001 0.397097553125 0.5970252968749999 0.3996570765625 0.5968194437500001 0.4066038359375 0.5966138390625 0.41245403437499994 0.5970252968749999 0.41821263281250004 0.598190971875 0.4212291671875 0.597299603125 0.427536375 0.59188194375 0.431741071875 0.587081596875 0.43018716875 0.5743266375 0.4266223546875 0.5613747515624999 0.42625661406250004 0.5580146328125 0.4279017859375 0.55856324375 0.42762764531249997 0.5563688 0.427444775 0.5541056546875 0.42890740781250003 0.551568453125 0.43366071406250006 0.5488938484375 0.43631150781250005 0.5464938 0.43402612500000004 0.5447108140625 0.43356911406250004 0.542996528125 0.43749966875 0.53888194375 0.43320370312499995 0.5394990078124999 0.4321068125 0.5387447921875 0.4315582015625 0.535590278125 0.43183234062500003 0.533955109375 0.434391865625 0.532446428125 0.4368597890625 0.5336121031250001 0.4398763234375 0.5332693453124999 0.44161309531250004 0.5340922625 0.4448125 0.5334064984375 0.44746329375 0.5321721234375001 0.44810317499999996 0.53134920625 0.447828703125 0.530251984375 0.44810317499999996 0.5286061515625 0.449748346875 0.5271661703125 0.45413591249999996 0.5264804062499999 0.4573353171875 0.5275776296875 0.46080853125 0.5270290171875 0.46117427187500004 0.5255203374999999 0.46455654687500003 0.5229828875 0.465104828125 0.5214057546875 0.4632767859375 0.5172224703125 0.4470062828125 0.515165178125 0.44545205 0.5134508921875 0.444355159375 0.5118735125 0.4393280421875 0.5135193453125 0.43813955 0.513313740625 0.4373167984375 0.5107078375 0.425708003125 0.5122165171875 0.42451984062500003 0.5095419140625 0.4152876984375 0.50796478125 0.4115400125 0.5061817953125 0.40998611093750004 0.5038501984375 0.40715244687499996 0.5048102671875 0.4033131609375 0.5033015875 0.3970062828125 0.50419295625 0.3962748015625 0.503164434375 0.3922529765625 0.500626984375 0.38951058125000004 0.49932415625 0.3859457671875 0.4937693453125 0.3843005953125 0.49315228125 0.384391865625 0.4939064984375 0.38685978906249996 0.49815823437500006 0.3869513890625 0.5004213796875 0.3866772484375 0.501930059375 0.3836607140625 0.5032328875000001 0.38274669375000003 0.5036443453125 0.3839348546875 0.5045359625 0.3873167984375 0.5074161703125 0.389145171875 0.5075533234375 0.3926187171875 0.5085133921875 0.3985601859375 0.507758928125 0.41245403437499994 0.5106391375 0.417115740625 0.5129022812499999 0.4074265875 0.5150967265624999 0.39737169375 0.5205267859375 0.3906074734375 0.5253955859375 0.38110119062500003 0.5264928078125 0.359163359375 0.5251212796875 0.354501653125 0.5273841765625 0.3520337296875 0.526904265625 0.349200065625 0.5310873015625 0.3525820109375 0.5341733625 0.35550694374999997 0.5378764875 0.36208829374999996 0.5424025296874999 0.3660188484375 0.5429511406249999 0.3916130953125 0.5374650296875 0.4071068125 0.5366369046874999 0.4074265875 0.5479308031250001 0.40870634843750003 0.5498509421875 0.4039530421875 0.5517026296875
3 0.44225297656249996 0.54683358125 0.43759127031249995 0.5460106640625 0.43558002656249994 0.546970734375 0.43292923281249995 0.549439484375 0.429821428125 0.5512911703125 0.42808465625 0.5535540671875 0.429090278125 0.559314484375 0.43759127031249995 0.5582857140625 0.4401504625 0.5572571921875 0.44581779062500004 0.5535540671875 0.45121097812500005 0.55183978125 0.4495654765625 0.5497137890625 0.446457671875 0.5479308031250001 0.44225297656249996 0.54683358125
1 0.36010019843749996 0.57267113125 0.3535188484375 0.566705109375 0.34300694374999996 0.5585446421875 0.33121560781250003 0.5549099703125 0.3278333328125 0.5552529765625 0.3269193125 0.5534012890625 0.3240856484375 0.5538814484375 0.3247255296875 0.5622477671875 0.3347804234375 0.5661564984375 0.337339946875 0.5688308531249999 0.339990740625 0.5715054562499999 0.34355555625 0.5730825890625 0.346023478125 0.5758256453125 0.3469375 0.577197171875 0.3505026453125 0.5746599703124999 0.3589120375 0.578705853125 0.3661332671875 0.5797346234375 0.3717089953125 0.580008928125 0.37911309531250004 0.5793985609375001 0.378016203125 0.5780887890625 0.37152612500000004 0.5755513390625 0.36010019843749996 0.57267113125
1 0.37266898125000003 0.5958442453125 0.37458829374999997 0.597969990625 0.3775135578125 0.5991359125 0.3821752640625 0.5979015375000001 0.3840949078125 0.5953640874999999 0.38720271093749997 0.595295634375 0.388847884375 0.59570709375 0.3907675265625 0.5957755453125 0.3904933859375 0.599273065625 0.39314417968750004 0.599273065625 0.39378406093749996 0.5976272328125 0.39305290937500004 0.5950213296875 0.39159027812499997 0.59447271875 0.3879338625 0.59385540625 0.38455191875 0.5942668656250001 0.3814441140625 0.595569940625 0.377056546875 0.596804315625 0.37669080625 0.5961185515625 0.3785188484375 0.5957755453125 0.3754110453125 0.5946783234375 0.37404001249999996 0.5907695937499999 0.37404001249999996 0.590563740625 0.3747711640625 0.58805381875 0.371572090625 0.5867234625 0.370200728125 0.5927581843749999 0.37266898125000003 0.5958442453125
1 0.47755522499999997 0.5259858625 0.473617725 0.5261374015625 0.46917526406250004 0.5259858625 0.4693773140625 0.5303020828125 0.47190112500000003 0.5333308531250001 0.47180026406250003 0.5363598703125 0.477353175 0.5365111609375 0.480079365625 0.5351483140625 0.49037731406249996 0.52999925625 0.49098313437499996 0.53181646875 0.49461805625000005 0.529544890625 0.4964351859375 0.5291661703125 0.4995651453125 0.5296961812500001 0.49926223593749997 0.531362103125 0.49855555625000003 0.5331036703125 0.49724305625 0.535299603125 0.49623346562500004 0.5380257937499999 0.49572850468749996 0.5402217265625 0.496132275 0.54393204375 0.49774768593749996 0.5452951390624999 0.502998015625 0.5449920640625 0.502998015625 0.5402973703125 0.5049160046875001 0.53704141875 0.5046134265625 0.5333308531250001 0.50643055625 0.532498015625 0.5081468250000001 0.5334067453125 0.50925760625 0.5348454859375 0.51057010625 0.5369655265625 0.514810515625 0.5365111609375 0.521575065625 0.54097891875 0.5164259265625 0.54279613125 0.512286375 0.5449920640625 0.51077215625 0.546430803125 0.512387565625 0.547415178125 0.520060515625 0.54378050625 0.522685515625 0.5431748515625 0.5234933859375 0.5441592265625 0.51864715625 0.5452192453125 0.5191517859375 0.54688516875 0.5202625656250001 0.5487026296875 0.527733796875 0.54786954375 0.5260175265625 0.5541545140624999 0.5294500656250001 0.55491170625 0.5312675265625 0.546355159375 0.5323779765625 0.5456736109375 0.534700396875 0.54491641875 0.536012896875 0.5435533234375 0.5383349875000001 0.54279613125 0.541060846875 0.54309920625 0.5418687171875 0.543629215625 0.5424745375 0.544462053125 0.5444937171875 0.54506795625 0.546714946875 0.54506795625 0.5486332671875 0.54476488125 0.5496428578125 0.544462053125 0.550652446875 0.54378050625 0.550450396875 0.542644840625 0.54944080625 0.5417361109375001 0.548027446875 0.541357390625 0.5469166671875 0.54181175625 0.5457053578125 0.541357390625 0.5446957671875 0.5406001984375 0.545200396875 0.5402973703125 0.5486332671875 0.540524553125 0.5501474875000001 0.54082738125 0.5528736765625 0.5418876484374999 0.5536812171875 0.5423420140624999 0.5553978171875 0.543402034375 0.5564074078125001 0.5437048609375 0.558527446875 0.5452951390624999 0.5603449078125 0.5462036203125 0.5618594578125 0.54703670625 0.5629699078125 0.5477182546875 0.5633736765624999 0.548323909375 0.564181546875 0.548399553125 0.565090278125 0.54802108125 0.5653931875 0.547491071875 0.565291996875 0.5466579859375 0.5646861765625 0.54506795625 0.5636765875 0.54309920625 0.5634748671875001 0.5417361109375001 0.5627678578124999 0.5406001984375 0.5621620375 0.5390858140625 0.561152446875 0.53772271875 0.5599411375 0.53688988125 0.5577199078125 0.5361326890625 0.5563062171875 0.53575396875 0.5539841265625001 0.534315228125 0.55206580625 0.533633928125 0.549339946875 0.532649553125 0.5470178578125 0.5321951890625 0.5447966265625 0.53166493125 0.5430800265625 0.531513640625 0.53984920625 0.5301505453125 0.5381329359375 0.52886334375 0.536921296875 0.52787896875 0.5343974874999999 0.5271974203124999 0.5325800265625 0.526591765625 0.5311666671874999 0.525834325 0.530560846875 0.5251530265625 0.52955125625 0.5250014875 0.5287433859374999 0.52477430625 0.5276329359374999 0.524471478125 0.5264212968749999 0.5234112109375 0.5260175265625 0.5224268359375001 0.5248058859375 0.521896825 0.524200065625 0.521366815625 0.5233925265625 0.5206096234375 0.5225846562500001 0.5197008921874999 0.5219788359375 0.5192465281249999 0.5209692453125 0.5185649796875 0.52016170625 0.5175049609375 0.5193538359375001 0.51697495 0.5192529765625 0.5161418656250001 0.520060515625 0.5152333828125 0.5216759265625 0.514173115625 0.5228875656249999 0.5128102671875 0.5239980156249999 0.5118258921875001 0.524200065625 0.510765625 0.524200065625 0.509326884375 0.5265505953125 0.5049712296875 0.5272490078125001 0.503400296875 0.529964615625 0.5016545140625001 0.5312834 0.5002579359375 0.5321369046875 0.49915228125000005 0.5322146156249999 0.49816319375000007 0.5319041 0.49769766875 0.5310505953125 0.497523065625 0.5298869046875 0.497290178125 0.5291884921875 0.495951884375 0.5283353171875 0.4950208328125 0.5275591937499999 0.49531175625 0.5262404093749999 0.49717385937499997 0.5244556874999999 0.49891964218749996 0.5215076062499999 0.50153819375 0.5200334 0.5031674109375001 0.519567790625 0.5055533234375 0.51925760625 0.5074734624999999 0.5156884921875 0.511488590625 0.5148349875 0.5121870046875 0.5141369046875 0.5135252968749999 0.512895503125 0.5153874015625 0.51250760625 0.516434771875 0.5114986765625 0.5168420140625 0.5097142859375 0.5175987109375 0.5103349875000001 0.5192279265625 0.5096369046875 0.5190533234375 0.506921296875 0.5141654265625 0.505291996875 0.5136999015625 0.5021884921875001 0.5138162203125 0.500791996875 0.51311805625 0.497921296875 0.5126525296875 0.495670965625 0.51335069375 0.49528306874999994 0.5141654265625 0.49342096562500004 0.51457266875 0.4886881609375 0.5153874015625 0.4854295640625 0.5172495046875001 0.48186077968749996 0.5212063484375 0.47190112500000003 0.5162934031249999 0.4757377640625 0.52378993125 0.47755522499999997 0.5259858625
1 0.48899173281249997 0.538027778125 0.49056580624999996 0.538175346875 0.4922053578125 0.5382738093749999 0.49364814843750005 0.538126240625 0.4946974203125 0.5379786703125 0.49541898125 0.5378802078125 0.4958125 0.537634425 0.49679629687500004 0.535962053125 0.49712433906250003 0.5349290671875 0.49653406093749997 0.53399454375 0.49745205 0.5321252484375 0.49620601875 0.5322237109375 0.4943042328125 0.5324697421875 0.4931236765625 0.533158234375 0.49168088593750003 0.53389608125 0.487483465625 0.5341421125 0.48486011875 0.5331091265625 0.47974437812500004 0.5364908234375 0.483023809375 0.5368474703125 0.4855158734375 0.537290178125 0.48768022499999997 0.5378311015625 0.48899173281249997 0.538027778125
1 0.46847387500000004 0.5507641375000001 0.4636402109375 0.5517259421875 0.4597929890625 0.5523916171875001 0.458806546875 0.5521696421875 0.458116071875 0.5515778765625 0.45712962968750004 0.55046800625 0.45555125625 0.5487663687500001 0.45436739375 0.5473606156249999 0.452789021875 0.5480265375 0.45308498750000004 0.5470647328125 0.45417030468749997 0.54580704375 0.45486077968750005 0.5446232640625001 0.45574867656249995 0.5431436015625 0.4568336640625 0.5409980156249999 0.45614318750000005 0.54033209375 0.4515066140625 0.5448452374999999 0.4501256609375 0.5469169140625 0.44953372968750005 0.5485443953125 0.450619046875 0.5505421625 0.45209854531250004 0.5517998515625 0.4491392203125 0.5522438000000001 0.44716633593750005 0.5534275796875 0.443516203125 0.555794890625 0.4403597890625 0.5580146328125 0.4382880296875 0.5596423609375 0.4382880296875 0.561269840625 0.43966898125 0.562527778125 0.4415433203125 0.563711309375 0.4421352515625 0.5656349203125 0.442924603125 0.5674846234375 0.447560846875 0.56859449375 0.45180257968750004 0.570148065625 0.4544662703125 0.572441715625 0.455255290625 0.574883184375 0.4544662703125 0.5782864578125 0.45367691875 0.5816158234375 0.45170403437499995 0.5841314484375 0.4474623015625 0.5858330859375 0.4427271828125 0.5867207343749999 0.43947189218749994 0.587460565625 0.441148809375 0.5893102671875 0.4442070109375 0.5893102671875 0.4485472890625 0.5894583328125 0.45377579375000004 0.5899761906250001 0.45614318750000005 0.5894583328125 0.45870800312500004 0.5883484625000001 0.4603849203125 0.5869427078125 0.4613713625 0.5853891375 0.461667328125 0.5842053578125 0.462555225 0.5832435515625 0.4636402109375 0.5827256937499999 0.46531746093750004 0.5825037203125001 0.46738888906250003 0.5823556546875001 0.46906580625 0.5822078375 0.47024966875 0.581245784375 0.47103869062500003 0.580283978125 0.47103869062500003 0.5794702375 0.47094014531250006 0.578138640625 0.47103869062500003 0.5770287703125 0.47222255312500006 0.575844990625 0.47271593906250003 0.5739213796875 0.4726170640625 0.57155381875 0.47241997343750003 0.5705181046875001 0.47192658749999994 0.5690384421875 0.47103869062500003 0.5681505453125 0.47054563437499997 0.5666708828125 0.470151125 0.5651912203125 0.46906580625 0.56311954375 0.467487434375 0.5598640875 0.4654160046875 0.5568308531249999 0.4662050265625 0.556756696875 0.468769840625 0.556016865625 0.47084159999999997 0.5557209828125 0.47212400781249997 0.5563869046875001 0.47311044999999996 0.55742261875 0.47399834687500003 0.5586063984375 0.4749847890625 0.5605300093750001 0.4753792984375 0.562527778125 0.475181878125 0.5649692453124999 0.474590278125 0.566448909375 0.47399834687500003 0.5683725203125001 0.47399834687500003 0.5700002484375 0.4742943125 0.5720716765625 0.47182804218749996 0.5794702375 0.471630621875 0.5806540171875 0.47113756562500003 0.5825037203125001 0.47113756562500003 0.5838353171875 0.47113756562500003 0.5839833828125001 0.47024966875 0.58590699375 0.469953703125 0.587756696875 0.4703482140625 0.589014384375 0.47439285781249996 0.5913077875 0.4748859125 0.5896061515625 0.47636574062500003 0.58760863125 0.47883201093750005 0.5834655265625 0.48139682500000003 0.57747271875 0.4823832671875 0.571184028125 0.48307374375 0.5698521828125 0.48386309531249994 0.567706596875 0.4828763234375 0.5665967265625 0.4828763234375 0.565709078125 0.48386309531249994 0.5643772328125001 0.4840601859375 0.5653390375 0.4848495375 0.568446428125 0.48544113749999995 0.5704439484375 0.4876114421875 0.5725156250000001 0.4900777109375 0.5733296125 0.49254398125 0.5722197421875 0.49609523749999995 0.5689642859374999 0.4953058859375 0.5669667656249999 0.49244510625000004 0.5606041671875001 0.49195205 0.5580146328125 0.492248015625 0.553649553125 0.49116269843750004 0.5534275796875 0.48948577968749996 0.5531314484375 0.4882033734375 0.55150396875 0.48613194374999996 0.5492103171875 0.48790740781249997 0.5489883437499999 0.49214914062500004 0.5487663687500001 0.4950099203125 0.5482485125000001 0.4970816796875 0.545658978125 0.49609523749999995 0.54403125 0.49540476250000004 0.541737846875 0.49431944375 0.539444196875 0.49234656093750007 0.5395922625 0.48948577968749996 0.5402581843750001 0.48790740781249997 0.539222221875 0.48425760625000003 0.539222221875 0.4803115078125 0.5409241078125 0.4758726859375 0.5405540671875 0.47439285781249996 0.54011011875 0.47320899531249994 0.5412938984375 0.47094014531250006 0.54558506875 0.46955919375 0.547212796875 0.46936177187499994 0.549728175 0.46847387500000004 0.5507641375000001
1 0.4750138890625 0.591373015625 0.47218253906249996 0.591571925 0.4694398140625 0.5925009921875 0.4655472890625 0.593363590625 0.46289285781249995 0.5946907234375 0.4620082671875 0.59475694375 0.46191964218750003 0.5932971234375 0.45917691875 0.59276636875 0.45696527812500004 0.5942261906249999 0.4544880953125 0.5944915671875 0.4498872359375 0.594292659375 0.4457291671875 0.594425346875 0.44112863750000003 0.5956860125000001 0.4372357796875 0.598671875 0.43290046249999997 0.602188740625 0.4306001984375 0.61094766875 0.4341392203125 0.614 0.4361739421875 0.6141326890625 0.43971296249999997 0.612606646875 0.44112863750000003 0.6118102671875 0.442013228125 0.6069000499999999 0.44404795 0.6033169640625 0.44820634843749996 0.6006626984375 0.4510373671875 0.5994682546875 0.452983796875 0.5994017859375 0.45041832031249995 0.6005962296875 0.4490026453125 0.602188740625 0.4450211640625 0.6057720734375 0.44670238125 0.6098196921875 0.4490026453125 0.6128720234375 0.44944510624999995 0.6185786203125 0.4510373671875 0.6207018843750001 0.452983796875 0.62116641875 0.45811540937500006 0.62315699375 0.4600618390625 0.6260101687499999 0.4618313484375 0.62912896875 0.46598941875 0.6307879468750001 0.4696170640625 0.6323804562500001 0.473509590625 0.6335084328125 0.4756332671875 0.6331103671875 0.478552909375 0.6321813 0.47943749999999996 0.6306550093750001 0.47607539687499995 0.6283325890625 0.4723594578125 0.626209325 0.4680244703125 0.62401959375 0.4635122359375 0.6222943953125 0.46253902187499996 0.6214980156250001 0.4633353171875 0.619573909375 0.4633353171875 0.6130047125 0.461742725 0.6102177578125 0.46023875625 0.6090233140625 0.4613888890625 0.613601934375 0.46059259218750004 0.6172514875 0.46023875625 0.6189766859375 0.45864616406250003 0.6184456843749999 0.45749603125 0.6169196421875001 0.45643452343749996 0.6149290671875 0.45616898125 0.61320386875 0.4558151453125 0.6113457343750001 0.454930225 0.6098196921875 0.452983796875 0.60809449375 0.4509490734375 0.606302828125 0.45041832031249995 0.605639384375 0.45669973593749996 0.6045111609375 0.459796296875 0.603184028125 0.462450728125 0.6027197421875 0.463777778125 0.6025870531249999 0.4654586640625 0.6006626984375 0.47253670625 0.60583829375 0.475367725 0.607298115625 0.4771372359375 0.6081607140624999 0.4791719578125 0.6087579359374999 0.47793353125 0.6069662703125001 0.47793353125 0.6057056046875 0.4789950390625 0.6045111609375 0.478818121875 0.6035823406249999 0.477491071875 0.602188740625 0.47412896875 0.6005962296875 0.4723594578125 0.5988048109374999 0.47359821406249997 0.5980084328124999 0.47474834687499995 0.5969466765625 0.478552909375 0.5955533234375 0.480853175 0.5950225687499999 0.48191468281249994 0.5938943453125 0.48262235468750003 0.5927001484375001 0.4831534390625 0.5906431046875 0.48076454999999996 0.5896974203124999 0.4789950390625 0.5895813484375 0.4769603171875 0.5889179062500001 0.47607539687499995 0.5903112593750001 0.4750138890625 0.591373015625
1 0.5038561515625 0.5585272812500001 0.503413690625 0.56038516875 0.503325396875 0.5613139875 0.5024404765625 0.5623095234375 0.5010251328125 0.5639682546875 0.49978637499999995 0.5649635421875 0.498016865625 0.5657599203125 0.496601190625 0.5664233624999999 0.49580489375000003 0.5672197421875 0.495185846875 0.5682150296875 0.4943009265625 0.5700066968749999 0.49377017187499994 0.5710019843749999 0.4927083328125 0.5728598703125 0.49146990781250005 0.57458506875 0.4906736109375 0.5765756453125 0.489700396875 0.5769739578124999 0.488196428125 0.5767748015625 0.4858075390625 0.57644295625 0.4833303578125 0.5761775796874999 0.4824454359375 0.5763767359374999 0.4811183859375 0.5777700890624999 0.48067625625000004 0.5794952875 0.48058763281249994 0.580955109375 0.4811183859375 0.5814861109375 0.483507275 0.581950396875 0.484126653125 0.5833439984375001 0.48262235468750003 0.5838747515625 0.480145171875 0.58241493125 0.4785525796875 0.5832775296875 0.47757936562500003 0.5850691968749999 0.4777566140625 0.58646255 0.47793353125 0.587258928125 0.4789067453125 0.58851959375 0.480322090625 0.5894486609375 0.48368419375 0.590178571875 0.485541996875 0.5904439484374999 0.4866921296875 0.59077579375 0.48925793593750005 0.5915057046875 0.49155820156249996 0.5914392359375 0.49155820156249996 0.5908420140625 0.4908505296875 0.5896478171874999 0.48943485468750003 0.5883869046875 0.48678075468750004 0.587059771875 0.48766534375 0.5865290171875001 0.48978902187499995 0.58559995 0.4913812828125 0.585002728125 0.4934163359375 0.58566641875 0.49580489375000003 0.58646255 0.4996094578125 0.5873253968750001 0.5018210984375 0.587059771875 0.50394444375 0.5865290171875001 0.504652446875 0.5850691968749999 0.5062450390625 0.583609375 0.5080142203125 0.5815523312499999 0.5107569437499999 0.57969444375 0.5140304234374999 0.575912203125 0.5153578046875 0.574054315625 0.5173042328124999 0.57246180625 0.5178349875 0.569940228125 0.5187195765625 0.568745784375 0.521196759375 0.5672197421875 0.5234973546874999 0.5650962296875 0.518277446875 0.565030009375 0.516950065625 0.5650962296875 0.5159768515625001 0.5643000984375 0.5159768515625001 0.561844990625 0.5172156078125 0.5595225687500001 0.5189851187500001 0.5571336812500001 0.518542659375 0.55527579375 0.5191620375 0.5529533734375 0.5191620375 0.5482420640625 0.5150922625 0.5477777781250001 0.5106686515625001 0.5476448406250001 0.507483465625 0.5491711312499999 0.5069527109374999 0.5560057046875 0.5062450390625 0.555740328125 0.504917659375 0.5570674609374999 0.5038561515625 0.5585272812500001
1 0.4523865734375 0.4823142359375 0.453144840625 0.48174553593749997 0.4554196421875 0.481113590625 0.4584530421875 0.48098710312500004 0.46022255312500004 0.48098710312500004 0.461317790625 0.48123983125 0.46283465625 0.48180853125 0.46426686562499997 0.4828196921875 0.46654199687500003 0.48421006875000006 0.468479828125 0.48332539687500004 0.47067063437499995 0.4819350203125 0.4738723546875 0.48048164687500006 0.47437797656249997 0.4792177578125 0.4495214953125 0.47940724218749997 0.4501957671875 0.48105034687500003 0.45086970937500004 0.4819350203125 0.4523865734375 0.4823142359375
1 0.5225006609375 0.6156436015625 0.5191296296875 0.619198909375 0.5173389546875 0.6229122031250001 0.5177602515624999 0.6267046125 0.51712830625 0.628995784375 0.514810515625 0.63041790625 0.5091220234375 0.629548859375 0.5062777781250001 0.6294697421875 0.501748015625 0.629074653125 0.49943055625 0.629627728125 0.49679695781250005 0.6315240578125 0.4942688484375 0.6342100687500001 0.4936365734375 0.6380024796875 0.4960595234375 0.641873759375 0.500694775 0.6460612593749999 0.5095433203125 0.6496165671874999 0.5158640875 0.6522237109375 0.5245023140625 0.653962053125 0.5318763234375 0.6526188 0.5377754625 0.6514337796875 0.5417784390625 0.6477993546875 0.5458869046875 0.644876240625 0.5497843921875 0.645508184375 0.5541035046875 0.6466143359375 0.5575796953125 0.6463772328124999 0.5602132937500001 0.6455873015625 0.5627417328125001 0.6434541171875 0.5648485453125 0.6414789187500001 0.5689570109375001 0.6395825890625 0.568430225 0.638081596875 0.5662179234375 0.6382395828125 0.5630575390625 0.63910863125 0.5600026453125 0.6410047125 0.5582119703124999 0.642584821875 0.556420965625 0.6437700890625 0.5552622359375 0.6440071921875 0.5513647484375 0.6432958828124999 0.548836309375 0.642584821875 0.5490469578125 0.6411626984375001 0.547045634375 0.6401356640625 0.5472562828124999 0.63966170625 0.5490469578125 0.638081596875 0.551575396875 0.63673834375 0.551575396875 0.6353162203125 0.55231283125 0.633894096875 0.5518912031250001 0.6321560015625 0.5510486109375 0.6309709828125001 0.5465188484375 0.6309709828125001 0.543990740625 0.6318400296875 0.5390393515625 0.6324719734375 0.5364057546875001 0.6317609125 0.535141865625 0.630891865625 0.5376699734375 0.6301019343750001 0.5418835984375 0.628995784375 0.5438852515625 0.6282056046875 0.5449388234375 0.6270994546875001 0.546097553125 0.625361359375 0.5473614421875 0.623228175 0.548520503125 0.621648065625 0.54988988125 0.6199888390625 0.5518912031250001 0.61825074375 0.5531554234375 0.617381696875 0.5534715609374999 0.61643353125 0.5517860453125001 0.616117559375 0.5473614421875 0.6165915171874999 0.5446226859375 0.6170657234375 0.5414623015625 0.61825074375 0.53925033125 0.61959375 0.5365112437499999 0.62188516875 0.5341937828125001 0.6236232640625 0.531244046875 0.62512425625 0.52955853125 0.6259935515625 0.5287159390625 0.6264675093750001 0.5291372359375 0.624018353125 0.5313495374999999 0.6220431546875 0.5335615078125 0.621094990625 0.535773809375 0.6202259421874999 0.5389341937500001 0.618724703125 0.5417784390625 0.6168286203125 0.5431478171874999 0.6154064984375001 0.5487311515625 0.6111401296875 0.555789021875 0.60608358125 0.5592652109375 0.605056546875 0.5590545640625 0.598972965625 0.55599966875 0.5947065968749999 0.543674603125 0.6012641375000001 0.5302959656249999 0.6096388890625 0.5225006609375 0.6156436015625
1 0.601718584375 0.6355533234374999 0.600348875 0.6365803578125 0.59761011875 0.6410047125 0.6010863093750001 0.643928075 0.60393055625 0.6443231640625 0.6069857796875 0.643690971875 0.6087764546875001 0.6417948906250001 0.609303240625 0.6392666171875 0.607196428125 0.6380024796875 0.601402446875 0.6322351187499999 0.600770503125 0.6337361109375 0.6012969578125 0.6350002484374999 0.601718584375 0.6355533234374999
1 0.6390099203124999 0.6052145343750001 0.6376405421875 0.60734771875 0.6377457015625 0.60916493125 0.6369031078125 0.61082415625 0.634796296875 0.6135104171875 0.6325839953125 0.617460565625 0.6314252640625 0.620383928125 0.634480159375 0.6212529765625 0.6349014546875 0.62062103125 0.6359550265625 0.61880381875 0.6356388890625 0.6225171125 0.636165675 0.624018353125 0.638799271875 0.6248874015625 0.6438554890625 0.6215689484375 0.6428022484375 0.6196728671875 0.643329034375 0.6180927578125 0.6453303578125 0.6162755453125001 0.646067790625 0.603318453125 0.6465945765625001 0.601501240625 0.64343419375 0.5947857140624999 0.642380953125 0.5900451390625 0.636165675 0.5907562000000001 0.634480159375 0.593600446875 0.63679761875 0.5987358625 0.6383776453125 0.600869046875 0.63953670625 0.6030024796875 0.6390099203124999 0.6052145343750001
1 0.6345853171875 0.5868849203125001 0.6353227515625 0.5849888390625 0.638166996875 0.5803273812499999 0.6415380296875 0.57977430625 0.6451197093750001 0.5777991078125 0.6465945765625001 0.5759818953125 0.646067790625 0.5746388890625 0.634164021875 0.5771669140625 0.633005290625 0.5778779765625 0.6298449078125 0.5898871531250001 0.6300558859375001 0.5967609125 0.632057209375 0.5949437 0.6327946421874999 0.59012425625 0.63437466875 0.5889389875 0.6345853171875 0.5868849203125001
1 0.64775330625 0.5932844734375 0.646067790625 0.595417659375 0.6491226859375 0.59992113125 0.6511243390625 0.5986569937499999 0.6524937171875 0.5979459328125001 0.6548111765625 0.5955756453125 0.6576554234375 0.592810515625 0.6643974874999999 0.5948645828125 0.6643974874999999 0.59194146875 0.6681898140625 0.5898871531250001 0.6652400796875 0.5887021328125 0.6614477515625 0.58830704375 0.6607106484374999 0.5878330859374999 0.6628174609374999 0.5800902781249999 0.6595515875 0.581275296875 0.6558647484375 0.5822234625 0.6535472890625 0.5829345234375001 0.6507030421875 0.5823025796875 0.6476481484375001 0.5810384421875 0.6480694437500001 0.5857787703125 0.6471213625 0.5887810015625 0.6480694437500001 0.5916252484375 0.64775330625 0.5932844734375
1 0.5850744046874999 0.552516865625 0.5840208328125 0.553148809375 0.582862103125 0.55465005 0.5823353171875 0.5561510421875 0.5823353171875 0.5574942953125 0.5823353171875 0.5593903765625 0.5825459656249999 0.5620766374999999 0.5829675921875 0.5651579859375 0.582862103125 0.5675280265625 0.5820195109374999 0.5692663687499999 0.5811765875 0.5717155265625 0.579069775 0.5735327375 0.5774897484375 0.57376959375 0.5741187171875 0.574796875 0.5706421953125 0.5764558531249999 0.56474305625 0.5823814484375001 0.5629523812499999 0.582460565625 0.5576851859375 0.5826974203125 0.5506273140625 0.585462796875 0.5401984125 0.5875959828124999 0.5373538359375 0.5879119546875 0.5369325390624999 0.5872008921874999 0.5364057546875001 0.5860947421875 0.5341937828125001 0.5857787703125 0.5311388890625001 0.5856999015625 0.5287159390625 0.5847517359375 0.5262929890625 0.581986359375 0.5251342593749999 0.58411954375 0.5245023140625 0.5855416671875 0.5213419312500001 0.5845146328124999 0.5198670640625 0.5829345234375001 0.5160747359375 0.5806433531249999 0.516601521875 0.578747271875 0.5136517859375 0.578826140625 0.51038624375 0.5804853671875 0.5074365078125 0.581907490625 0.506593915625 0.585146825 0.5059619703125 0.5868058031250001 0.508384590625 0.589808284375 0.5158640875 0.5924154265625 0.5200777109375 0.5967609125 0.52313260625 0.597866815625 0.5273465609375 0.5986569937499999 0.5307172625 0.5983410218749999 0.5328244046874999 0.59683978125 0.5337724875000001 0.594153521875 0.5354576718749999 0.592810515625 0.539882275 0.59383755 0.5393554890625001 0.5962078375 0.543358465625 0.5966817953125 0.54536011875 0.596523809375 0.54778306875 0.5961287203125 0.551259259375 0.5951016859375 0.554314153125 0.593600446875 0.5556835312499999 0.5932844734375 0.5578958328125 0.5934424609375 0.55842261875 0.5946274796875 0.558527778125 0.596523809375 0.5593707015625 0.5986569937499999 0.5614775125 0.600790178125 0.5637949734375 0.597866815625 0.566007275 0.5905982140625 0.5679034390625 0.5902822421875 0.5713796296875 0.5902822421875 0.5733812828125 0.58965005 0.5732757937499999 0.58886011875 0.571906415625 0.58775396875 0.574013228125 0.5863318453125 0.5747506609374999 0.5848306046875 0.5753829359375 0.5834875984375001 0.5791752640625 0.5821443453125 0.5809659390624999 0.583013640625 0.582230159375 0.5839615578124999 0.5885505953125 0.5844357640625 0.59518716875 0.584040675 0.602771825 0.5829345234375001 0.6097245375 0.58088045625 0.614781084375 0.578194196875 0.617519840625 0.57432266875 0.619310846875 0.5700563 0.6188892203125 0.567133184375 0.616571759375 0.564762896875 0.61341170625 0.5631036703125 0.61067261875 0.5642889390625 0.6107781078125 0.566105903125 0.6108832671875 0.56871329375 0.6098300265625001 0.5722686015625 0.6070909390625 0.5738487109375 0.603825396875 0.57432266875 0.6002437171875 0.5740858140625 0.600454365625 0.5715575390625001 0.600138228125 0.5692663687499999 0.5985582015625 0.5659479171874999 0.59729398125 0.5649208828125001 0.5975046296875 0.5626297124999999 0.6002437171875 0.558600446875 0.600454365625 0.555519096875 0.6006650125 0.5521217765624999 0.5984527109375 0.549435515625 0.590762896875 0.550284721875 0.5889718921875 0.553069940625 0.5871812171874999 0.5528328375 0.5850744046874999 0.552516865625
3 0.6113039015624999 0.5374563484375 0.6135978843750001 0.5411433531250001 0.6122870375 0.5434171625 0.60737103125 0.5466125984375 0.6057324734375 0.5487631453125 0.607289021875 0.549930803125 0.6194973546875 0.54556795625 0.6271170640625 0.538685515625 0.6272807546875 0.5349370046875 0.6204804890625 0.528853421875 0.6141716265625 0.5319258437500001 0.611959325 0.5346297125 0.6113039015624999 0.5374563484375
1 0.6273627640624999 0.5348139875 0.6279365078125 0.538009425 0.6271990734374999 0.5390540671874999 0.6258062171875001 0.5406517859375 0.6294110453124999 0.540467509375 0.6299847890625 0.54181944375 0.631459325 0.5431098703125 0.633917328125 0.542741071875 0.637031084375 0.5416964281250001 0.639079365625 0.542065228125 0.6431759265625 0.5439702375000001 0.6433399468750001 0.54519915625 0.64235648125 0.5463665671875 0.6414553578125 0.5493162203125 0.6397347890625 0.5530647328125 0.639325065625 0.5557070937499999 0.6389973546875 0.5569360125 0.6349824734375 0.5558298609375 0.634491071875 0.5576733625 0.6349824734375 0.5620364578125 0.6378501984375 0.563449653125 0.6447328046874999 0.5653546625 0.6493207671875 0.5674439484375 0.6490750656250001 0.56928745 0.6543187828125 0.56639930625 0.6544828046875 0.567751240625 0.654564484375 0.5697177578125 0.6571865078125 0.569902034375 0.658661375 0.5714997515625 0.660873346875 0.5740806046875 0.66324966875 0.576845734375 0.665133928125 0.573834821875 0.66529795 0.57033209375 0.66382308125 0.5656619546874999 0.65694080625 0.5595783734374999 0.6541550921875 0.5585337296875 0.6491570765625 0.559025296875 0.6434216265625 0.5610533234374999 0.6436676593749999 0.5586567453125 0.6438313484375 0.5565674609375 0.6474365078125001 0.557919146875 0.6480099203125 0.5569975203124999 0.6487473546875 0.55478521875 0.6467810843749999 0.552941715625 0.645060515625 0.54913194375 0.645961640625 0.5459365078125 0.6468630953125001 0.5415736609375 0.644814484375 0.5396071421874999 0.64235648125 0.53788665625 0.6368670640625 0.5356743546875 0.632196759375 0.5331550093749999 0.6226107796875 0.5294064984375 0.62375760625 0.5316188000000001 0.6259699078125001 0.533277778125 0.6273627640624999 0.5348139875
1 0.59417989375 0.5452606640625 0.5975390218750001 0.5493162203125 0.6030287703125 0.554109375 0.60712533125 0.5553998015625 0.6095013234375 0.5549697421875 0.6076170640624999 0.5523888890624999 0.6060601859375 0.550053571875 0.605568453125 0.5483330859375 0.60507705 0.54747271875 0.6085181875 0.5456907234374999 0.61113988125 0.5440314984375 0.6122050265625 0.5429255953125 0.6134341937500001 0.5413891375000001 0.613270171875 0.540467509375 0.612696759375 0.5400987109375001 0.610976190625 0.5415736609375 0.6084361765625 0.54353993125 0.606961309375 0.5437857140625 0.605568453125 0.5434171625 0.6049950390625 0.5424337796875001 0.6049130296875 0.540959078125 0.6063058859375 0.5398529265625001 0.608681878125 0.539914434375 0.6100747359375001 0.539914434375 0.61113988125 0.5392998515625 0.6115496031250001 0.5380709328125 0.610648478125 0.5368420140625 0.6097470234375 0.5372105656249999 0.6087638890625 0.538132440625 0.6081904765624999 0.5376408734375 0.608108465625 0.5373950890625 0.6065519187499999 0.5368420140625 0.604667328125 0.5384397328125 0.60335648125 0.5394228671875 0.6007344578125 0.539484375 0.5999150125 0.5392998515625 0.5977030421875 0.5377636406249999 0.5942619046875001 0.5343224203125 0.5935244703125 0.531004215625 0.5927050265625 0.529775296875 0.5835284390625 0.5268717765625001 0.582709325 0.5343224203125 0.5875433203125 0.5425567953125 0.5908204359375 0.5444002968749999 0.59417989375 0.5452606640625
1 0.5505912703125 0.549377728125 0.5517384265625 0.5512212296875 0.5546881609375001 0.5523888890624999 0.556818453125 0.5531877484375001 0.5605873015625 0.5531262406249999 0.566240740625 0.55195858125 0.56984556875 0.5501150796875 0.57181216875 0.5482715781249999 0.5728773140625 0.5471654265625 0.5745158734375 0.5467353671875 0.5775472890625 0.5464895828125 0.58098875625 0.545813740625 0.58361045 0.54519915625 0.5869695765625 0.5442772812500001 0.58819874375 0.5440314984375 0.586887896875 0.5417579359375 0.5855767203125 0.5392998515625 0.5845115734374999 0.5374563484375 0.58361045 0.5361046625 0.5826273140625 0.5346912203125 0.5825453046875 0.5324789187500001 0.5833647484375 0.530266865625 0.5833647484375 0.5281775796875 0.584020171875 0.52664136875 0.5838561515625 0.524920634375 0.58213558125 0.523814484375 0.5810704359375001 0.524367559375 0.5795955687500001 0.52627256875 0.57902215625 0.5294064984375 0.5785307546875 0.5321103671875 0.5779570109375001 0.5337693453125001 0.576891865625 0.535428571875 0.5747615734375 0.5365347218750001 0.5711567453125 0.5377021328125 0.567715278125 0.5387467765625 0.5650115734375001 0.539484375 0.5644381609375 0.5397914187499999 0.5637827375 0.5410205859375 0.5646018515625 0.543847221875 0.564847884375 0.54519915625 0.5653392859374999 0.5469196421875 0.565257275 0.5478415171875 0.5636187171875 0.5484561015625 0.5632089953125 0.5483330859375 0.5594401453125 0.5463053078125 0.5548518515625 0.5436629468749999 0.5523118390625 0.544216021875 0.5511650125 0.546796875 0.5505912703125 0.549377728125
1 0.48608035781250003 0.6319439484375 0.48907341249999997 0.6323080359375 0.492228175 0.63255084375 0.49384622968749997 0.6319439484375 0.49433134843750004 0.6309734625 0.49416964218750004 0.6291532734375 0.4927946421875 0.627697171875 0.49036772500000003 0.6269084828125 0.48875 0.6254980156250001 0.48349206406249995 0.62727256875 0.48179332031250005 0.62903199375 0.4840582015625 0.6309126984375 0.48608035781250003 0.6319439484375
3 0.5012212296875 0.4507182546875 0.49734920625 0.4531609625 0.494005290625 0.455735615625 0.495853175 0.45804637968749995 0.49391732812500005 0.4603568953125 0.4901332671875 0.45883854218750003 0.48758134843749995 0.4615453875 0.48784556874999996 0.46979761875000003 0.4934775125 0.47158010937499995 0.5011332671875001 0.47250446406249996 0.5039490734375 0.4618095234375 0.5065009921875 0.462799603125 0.50826124375 0.4610171125 0.5126610453125 0.4575181046875 0.5145968921875 0.457650296875 0.5167089953125 0.4577822421875 0.525420634375 0.4591686515625 0.5283247359375001 0.4559337796875 0.526740740625 0.45177455312500003 0.5231329359375 0.447681546875 0.5130350531250001 0.4479702375 0.510901125 0.449133928125 0.50562103125 0.4502562 0.5012212296875 0.4507182546875
1 0.5572132937500001 0.5731979171875 0.5583925265625 0.5727217265625 0.559571759375 0.5721091265625 0.5610231484375 0.5710203375 0.5624745375 0.5720411703125 0.5638349875 0.5714967765625001 0.5656491406249999 0.5709523812499999 0.5660119046875 0.5701356640624999 0.565104828125 0.568162203125 0.563290675 0.5664610609375 0.5604788359375 0.5658484625 0.557666996875 0.566665178125 0.5575760578125 0.56823040625 0.55585284375 0.569046875 0.5521339281250001 0.5704079859375 0.5500476187500001 0.571837053125 0.55127215625 0.574787946875 0.5544014546875 0.5736063984374999 0.5554900796875 0.5734702375 0.5572132937500001 0.5731979171875
1 0.46507605781250005 0.4757056046875 0.46610681249999997 0.4786056546875 0.4688558203125 0.47731671562500005 0.468340278125 0.475834325 0.4723776453125 0.4739655265625 0.47254960312499994 0.47100099218749997 0.4729791671875 0.4705498515625 0.4728931875 0.46790749062500003 0.47246362499999994 0.46545858124999995 0.467395503125 0.46642534687500004 0.46569874375 0.467513640625 0.46619279062499996 0.46938988125 0.4654196421875 0.472096478125 0.46507605781250005 0.4757056046875
1 0.581259259375 0.479197171875 0.583149140625 0.4773928578125 0.5846094578125001 0.4758459828125 0.5865853171875 0.47429935468749995 0.5877876984375 0.4719791671875 0.586413359375 0.47062599218749995 0.5871865078125 0.4691436015625 0.5865853171875 0.46888591249999995 0.5853826062499999 0.46798363125 0.5836643515625 0.4676614578125 0.5816888234375 0.4678546625 0.57481646875 0.47056150781249995 0.569146825 0.47623263906249996 0.56588260625 0.4763616078125 0.557034721875 0.482097221875 0.5535985453125 0.48319295625 0.551193453125 0.48409523749999994 0.5501623671875 0.48428844218749995 0.5485304234374999 0.4839017859375 0.5482724875 0.485126240625 0.54681216875 0.4857063484375 0.5440634921874999 0.48609300624999996 0.5428607796875 0.4869952875 0.53951058125 0.4888640875 0.5344424609375 0.49189310468749997 0.5350436515625 0.49318204374999997 0.5364179890624999 0.4946641859375 0.5377066796875 0.49737103125 0.539424603125 0.5019466765625 0.5405413359375 0.502719990625 0.5430327375 0.502204365625 0.545523809375 0.5028489578124999 0.54749966875 0.5023333328125 0.5478432546875001 0.5016245046875001 0.549990740625 0.5000778765625 0.552567790625 0.4987889390625 0.554200065625 0.49769320468749995 0.5581514546874999 0.49588888906250006 0.5618452375 0.4938263890625 0.5651954359375 0.49157093281249997 0.5693187828124999 0.48950868124999997 0.5746875 0.4874052578125 0.5738716937499999 0.4864796625 0.5750740734375 0.4857063484375 0.577737103125 0.48248387968750006 0.581259259375 0.479197171875
3 0.5783171296875 0.4876721234375 0.579347884375 0.4861899796875 0.583299271875 0.4861254953125 0.583213625 0.483612103125 0.5803786375 0.4805186015625 0.5751385578125 0.4861899796875 0.576255290625 0.48696329374999997 0.5783171296875 0.4876721234375
1 0.5744563484375 0.49096949375000004 0.5795582015625 0.49058680624999995 0.583435515625 0.49380183593750004 0.5863945109375 0.4913521828125 0.5902714953125 0.49119915625 0.5911898140625 0.492423859375 0.5924143515625 0.48698908750000003 0.586700396875 0.48553447343749995 0.5823131609375001 0.48821378906249996 0.5795582015625 0.4879841265625 0.57537466875 0.4870654765625 0.5676203703125 0.49058680624999995 0.5533356484375 0.49854761875 0.5502748015625001 0.4996959328125 0.549152446875 0.5016096234375 0.5482341265625 0.5035233140625001 0.54731580625 0.505207340625 0.5460912703125 0.5072740578125 0.544560846875 0.509034721875 0.5442546296875 0.5115607640625 0.5444586640625 0.513551090625 0.5442546296875 0.5159241078125001 0.5456832015625 0.5169957843749999 0.54731580625 0.516612846875 0.54976455 0.5153115078125 0.5510909390625 0.516612846875 0.5533356484375 0.516612846875 0.5556825390625 0.516383184375 0.5571107796875 0.51485243125 0.55762103125 0.512938740625 0.5575188484375 0.51102505 0.5589474203125 0.5094174109375 0.5597638890625001 0.5084990078125 0.56088624375 0.5080396828125 0.561090278125 0.5068147328125 0.5612943125000001 0.5054370046875001 0.56211045 0.504365328125 0.564151125 0.5035233140625001 0.5652734781250001 0.5026046625 0.56455919375 0.500997271875 0.5663958328125 0.49931324374999997 0.5694570109375 0.4992366078125 0.5718035718750001 0.4992366078125 0.5752728171875 0.49877728125000004 0.57657374375 0.4954216265625 0.5762929890625 0.49449057500000004 0.5738442453125 0.49211780781250003 0.5744563484375 0.49096949375000004
1 0.570170965625 0.5058963296875 0.5694570109375 0.5068913687500001 0.5717017203125 0.5075037203125 0.5740482796874999 0.5070443953125 0.5758849203125 0.5079630453124999 0.5785376984374999 0.509494046875 0.5797622359375 0.5104126984375 0.5821091265625 0.508728421875 0.5845578703125 0.508881696875 0.5849659390624999 0.5104890875 0.5855780421875 0.511943453125 0.585680225 0.5134744546875 0.5844556875 0.5147757937499999 0.58404761875 0.5174548609375 0.5843538359375 0.5184501484374999 0.5809867718749999 0.5188328375 0.5823131609375001 0.5193685515625 0.5845578703125 0.5192155265625 0.5882308203125 0.5184501484374999 0.5899656078125 0.5181438484374999 0.5910879625 0.520440228125 0.5920062828125 0.52243055625 0.5950671296875 0.5258752484375 0.6001689812500001 0.5301619546875 0.6029236109375 0.53161631875 0.6059847890625 0.53062103125 0.6080254625 0.53000868125 0.61251488125 0.5313100203125 0.6162900125 0.53046800625 0.6173105156250001 0.5282482640625 0.6185347218749999 0.5261049109375 0.6212896828125001 0.525415921875 0.6224120375 0.52334920625 0.6211875 0.5215885421875 0.6244527109375 0.5217415671875 0.625983134375 0.5218182046875001 0.6278197750000001 0.5212822421875 0.6291461640625 0.520210565625 0.631901125 0.519521825 0.628840278125 0.5175314984375 0.6254728843749999 0.516689484375 0.6273095234375 0.5153115078125 0.6271054890625 0.5142400796875 0.6254728843749999 0.5142400796875 0.6239424609374999 0.5154647812500001 0.6225142203125 0.5142400796875 0.621799934375 0.512862103125 0.6211875 0.5116374015625 0.61914715625 0.5114841265625001 0.6165962296874999 0.512173115625 0.6170042984374999 0.5111014390624999 0.6184328703124999 0.5098767359374999 0.618126653125 0.5078100203125 0.6151676593750001 0.508345734375 0.6136372359375 0.508575396875 0.6126167328125 0.50712103125 0.6104742062499999 0.504594990625 0.61169874375 0.5025282734375 0.6078214281250001 0.5000786203125 0.6091478171875 0.49808829374999997 0.6088416 0.4959451890625 0.6047602515625 0.49571552656250006 0.6045562171875 0.493342509375 0.600781084375 0.492194196875 0.5964957015625 0.492576884375 0.5962916671875 0.49410788749999995 0.5952711640625 0.49663392812499996 0.5952711640625 0.4980119046875 0.5928224203125 0.49870089218749997 0.593944775 0.4959451890625 0.594965278125 0.49456721249999996 0.5950671296875 0.49250049531249995 0.594556878125 0.49142881875000005 0.5930264546874999 0.49028050624999997 0.5918022484375001 0.49051016875000003 0.5918022484375001 0.4932658734375 0.5895575390625 0.49158184531250004 0.58812896875 0.49089285781249997 0.5857820765625 0.4913521828125 0.58363955 0.49380183593750004 0.5791501328125 0.49051016875000003 0.5748647484375 0.49066319375 0.5740482796874999 0.49188814531249997 0.57537466875 0.4931892359375 0.5765992062499999 0.49510292656250005 0.5762929890625 0.4970166171875 0.5752982796875 0.49876959374999996 0.5736402109375 0.501456596875 0.5740482796874999 0.5024516375 0.5727218921875 0.5038293656249999 0.570170965625 0.5058963296875
1 0.5954907406250001 0.49244841250000004 0.5965109125 0.4922951390625 0.5982453703124999 0.49198908750000003 0.601204365625 0.4922951390625 0.6026329359375 0.4925248015625 0.6034490734375 0.49290773750000005 0.60436739375 0.49367311562499994 0.6063062171875 0.49459176562499996 0.608652778125 0.49512747968750004 0.6094692453125 0.4954337796875 0.61181580625 0.49642881875 0.6147748015625 0.49581646875 0.6162033734375 0.49596949375 0.61793783125 0.49688814531250003 0.6193664015625 0.498342509375 0.620896825 0.5004858624999999 0.621508928125 0.5020932546875 0.6207949734375 0.5035478671875 0.6191623671875 0.50477256875 0.6184480812500001 0.505997271875 0.6183459 0.5079875984375 0.6184480812500001 0.510360615625 0.6209990078125001 0.5079109625 0.6212030421875 0.506150296875 0.621917328125 0.5058442453125 0.62252943125 0.5041602187499999 0.6241620375 0.5030885421875 0.6249781750000001 0.5048489578125 0.627630953125 0.5074516375 0.63079398125 0.5099012890625 0.6330386906250001 0.51235069375 0.6339570109375 0.5146470734374999 0.63538558125 0.5139583328125 0.63661011875 0.510207340625 0.637222221875 0.5071455859375 0.63661011875 0.5051552578125 0.63456944375 0.502016865625 0.6301818781249999 0.49933755 0.6302840609375 0.497423859375 0.6329368390625 0.498342509375 0.637222221875 0.500103175 0.642119709375 0.5016341765625 0.6472212296875 0.5033945937500001 0.6513025796874999 0.50454290625 0.6568125 0.5075282734375001 0.6585469578125001 0.509594990625 0.6645671296875 0.514034721875 0.6663015875 0.513345734375 0.668546296875 0.514800346875 0.668954365625 0.51242733125 0.6687503312499999 0.5086763390625 0.668138228125 0.5071455859375 0.667117725 0.5027058531249999 0.6623224203125 0.4984955359375 0.6580370375 0.49581646875 0.65354761875 0.493902778125 0.645078703125 0.4916063984375 0.6385486109375 0.489616071875 0.6330386906250001 0.48762574374999995 0.6297738093749999 0.48686036718750003 0.62712103125 0.48770238125 0.623958003125 0.48808506874999996 0.621917328125 0.48421279687499996 0.6220191796875 0.48283482187500004 0.6250803578124999 0.48191641875 0.62997784375 0.479543403125 0.6317123015624999 0.4777827375 0.6343650796875 0.47586904687500003 0.635181546875 0.4747209828125 0.6263045640625 0.4743380453125 0.6252843921875 0.47311334374999997 0.62252943125 0.4734196421875 0.6197744703125 0.47372569374999995 0.6187542984375 0.47395535781250003 0.6180400125000001 0.4741850203125 0.616101190625 0.4746443453125 0.613652446875 0.475639384375 0.6115099203125001 0.47403199375 0.60844874375 0.47265401718750005 0.606 0.4725009921875 0.6052857140625 0.47074032812500005 0.6104894187500001 0.45703844218749995 0.6095710984375 0.455660465625 0.6097751328125 0.4537467765625 0.6019186515625 0.45083804531249994 0.6023267203125 0.4519861109375 0.6031431875 0.455048115625 0.6036531078125 0.45688516874999996 0.6023267203125 0.45818650781250003 0.601204365625 0.4584928078125 0.6011025125 0.45918179531250003 0.6025307546875001 0.463621528125 0.60151058125 0.4650758921875 0.6004900796875 0.467831596875 0.5998779765625 0.4677549609375 0.5951845234375 0.4646165671875 0.5893687171875001 0.4646932046875 0.5848792984375 0.464004215625 0.580185515625 0.46224355156249997 0.5780429890625001 0.4606361609375 0.5742678578125 0.4620905265625 0.5736554234375 0.463621528125 0.5653908734375 0.46438690468750005 0.5602893515625 0.46494618125000003 0.556208003125 0.46571155781250007 0.5542691796875 0.46777827343749995 0.5604933859375001 0.46846726250000004 0.564880621875 0.4680079359375 0.570696428125 0.466936259375 0.576818453125 0.4660942453125 0.5829404765625 0.4662475203125 0.58742989375 0.4662475203125 0.5895727515625 0.46678323437499997 0.5929398140625 0.46984523749999996 0.5944702375 0.47267733125 0.5907969578125 0.47306026718750005 0.5860016531250001 0.474820684375 0.5829404765625 0.4775763890625 0.584266865625 0.4790310015625 0.5855932546875 0.4814037703125 0.5871240078125 0.482705109375 0.5901848546874999 0.483470734375 0.5943683859375 0.48431274843749994 0.5930416671875001 0.48630282812500003 0.5921746031249999 0.48996924531249997 0.593347884375 0.4912237109375 0.593858134375 0.4915297625 0.5954907406250001 0.49244841250000004
3 0.6594226187500001 0.47958755000000003 0.6618085312499999 0.4788712796875 0.6649100531250001 0.4765443953125 0.6641941140625 0.47153199375000004 0.6620469578125 0.4692048609375 0.6613313484375001 0.4656247515625 0.6622857140625 0.46365575468750003 0.6613313484375001 0.46061259843749996 0.659661375 0.45918055625000004 0.6565595234375 0.458464534375 0.650328703125 0.45415625000000004 0.6479709 0.45935962343750003 0.6465393515625 0.4709950390625 0.6579910718749999 0.481556546875 0.6594226187500001 0.47958755000000003