2 0.4762969234375 0.3356306234375 0.4689884609375 0.338284890625 0.46430653906249997 0.342480103125 0.4641923078125 0.348473471875 0.466590384375 0.3531822375 0.47172923125 0.3558365046875 0.4762969234375 0.35694953906250004 0.4841734609375 0.355964821875 0.48497576875000004 0.3553226640625 0.48714538437500005 0.353096596875 0.4889726921875 0.351384371875 0.49057153906249995 0.34907266406250004 0.49205615312499995 0.34590484374999997 0.4912565390625 0.342480103125 0.489543846875 0.3393979234375 0.48440500000000003 0.3359731828125 0.4762969234375 0.3356306234375
2 0.46088038437499995 0.39499192656250004 0.46155269218750006 0.39741118750000004 0.466930384375 0.39852018437500003 0.47217423125 0.39912485625 0.47687999999999997 0.4001329296875 0.481854615625 0.3995282578125 0.48387153906249997 0.39811678125 0.48440923125 0.3971087078125 0.486560384375 0.39126211093749996 0.48427461562499996 0.38612110781250003 0.48212346093749997 0.3835002890625 0.4764765390625 0.3811816609375 0.47392192343749995 0.380778546875 0.469485 0.3816856984375 0.465586153125 0.384608996875 0.46303153906250005 0.3887419265625 0.46168692343749995 0.3918670703125 0.46088038437499995 0.39499192656250004
2 0.4532165390625 0.44131314843749997 0.45899807656249997 0.4412125140625 0.46477923125 0.4406075546875 0.468409615625 0.43869232968749994 0.46935076875000004 0.436373703125 0.470426153125 0.4304261828125 0.46827500000000005 0.42528517812500005 0.46138576875000004 0.42019780781250005 0.455771153125 0.4190354671875 0.4505276921875 0.41984169531250004 0.44488038437500005 0.42205940000000003 0.442595 0.42538610156249995 0.442863846875 0.4287125140625 0.4432673078125 0.43324884687500004 0.445015 0.4366761828125 0.448779615625 0.44030507500000005 0.4532165390625 0.44131314843749997
2 0.41194 0.43242618281249995 0.41516692343750006 0.4313171859375 0.4185280765625 0.4307125140625 0.41785576874999997 0.429805075 0.4175869234375 0.4289985578125 0.41731807656250003 0.426075259375 0.40844423125 0.4256721453125 0.40548653906250004 0.42506718593750004 0.40548653906250004 0.42284948125 0.410998846875 0.42315196093749996 0.416914615625 0.42123673593750005 0.422023846875 0.4201277390625 0.41906576875 0.4181118796875 0.41812461562500003 0.41710380625 0.424309615625 0.417910034375 0.4163769234375 0.41327306874999997 0.409788846875 0.41397866250000004 0.4052173078125 0.41589417500000003 0.40225961562499996 0.4182125140625 0.402393846875 0.42315196093749996 0.40199076875 0.4264786625 0.4038730765625 0.4299059984375 0.4061584609375 0.43272837343750004 0.40965423124999994 0.43383737031249997 0.41194 0.43242618281249995
2 0.47136730781249997 0.5175928484375001 0.47002307656250003 0.5233385234375 0.47338423125 0.5276732984375 0.47768653906249997 0.5307981546875 0.482930384375 0.5327133796875 0.48803923125 0.533217415625 0.49274500000000004 0.5334189734375 0.49783 0.5313021921875001 0.4996023078125 0.52928604375 0.501618846875 0.5258587078125 0.500274615625 0.5213223765625 0.49650961562499996 0.5168869671875 0.491535 0.5126534031250001 0.4837369234375 0.510233853125 0.47970346093750005 0.51104036875 0.47607307656250003 0.5130565171875 0.47136730781249997 0.5175928484375001
2 0.5348284609375 0.5691395609375001 0.5286434609375 0.5690386390625 0.524878846875 0.56984515625 0.5217865390624999 0.57125634375 0.5178876921875 0.5746836796875 0.5168119234375 0.5771032296875 0.5178876921875 0.5818408296875 0.5197700000000001 0.5853690890625 0.5242069234375 0.5864780859375001 0.5291815390625 0.5873852359375 0.5325426921874999 0.5902076125 0.5396684609375 0.58899798125 0.546391153125 0.5846634953125001 0.54652576875 0.5815386390625 0.5437023078125 0.5759942328125 0.5398030765625 0.57075230625 0.5348284609375 0.5691395609375001
2 0.534290384375 0.6011955015625 0.5360384609375 0.598776240625 0.5350973078125 0.5945423875 0.5328115390625 0.5919212796875 0.531063846875 0.5898044984374999 0.528240384375 0.58758679375 0.5228623078125 0.5864780859375001 0.5193030765625 0.5859475203125 0.507534615625 0.5900060546875 0.5026946156250001 0.5930302765625 0.5022911531250001 0.5955504609375 0.50484576875 0.5973647640624999 0.5106273078125 0.6049253171875 0.5143919234375 0.6070420984375 0.518425384375 0.6084532874999999 0.5250134609375 0.606437428125 0.5311980765625 0.6034132062500001 0.534290384375 0.6011955015625
2 0.54773576875 0.3717387546875 0.5437023078125 0.37546857031249997 0.54316423125 0.38010553593749996 0.542895384375 0.38202076093750004 0.544859615625 0.3848255484375 0.5486769234375 0.38847231875 0.5556684609375 0.3899844296875 0.56118076875 0.3899844296875 0.56642423125 0.38746424375 0.570861153125 0.382827278125 0.5718023078125001 0.3780893890625 0.5677688468750001 0.3729483859375 0.56279423125 0.3700250859375 0.553113846875 0.36952105 0.54773576875 0.3717387546875
2 0.6504023078125 0.5057442328125 0.64428576875 0.5046741640625 0.637149615625 0.5062029984375 0.6330719234375 0.51033045 0.6318484609375 0.5127762406249999 0.6324603843750001 0.5159867359375 0.63327576875 0.51919694375 0.634295384375 0.5214899078124999 0.634804615625 0.5231306234375 0.6438780765625001 0.525770184375 0.65284923125 0.524700115625 0.6567230765625001 0.5208786046875 0.659169615625 0.5193497687499999 0.6593734609374999 0.5162159749999999 0.659169615625 0.5135406578125 0.65815 0.51124769375 0.656111153125 0.5089547296875 0.6532569234375 0.5071202421875001 0.6504023078125 0.5057442328125
2 0.5887273078125 0.465778834375 0.594843846875 0.46807208749999996 0.601164615625 0.46807208749999996 0.6089123078124999 0.466084775 0.61217423125 0.46302739375 0.613193846875 0.45660668906249996 0.61217423125 0.453854959375 0.607281153125 0.450797578125 0.60299923125 0.4486574390625 0.5950476921875001 0.44835178750000004 0.591989615625 0.44919261875 0.5887273078125 0.451714821875 0.58628076875 0.4544665515625 0.5858730765625 0.45981689687499994 0.5887273078125 0.465778834375
2 0.5740473078125 0.43352335625 0.57465923125 0.4289371390625 0.5730280765625 0.42450403750000004 0.568746153125 0.4258797578125 0.564464615625 0.426644175 0.5579403843749999 0.4274085921875 0.5525373078125 0.4261856984375 0.54713423125 0.426644175 0.5457069234375 0.42756141875000003 0.54591076875 0.4307716265625 0.5473380765625 0.4341349484375 0.55080423125 0.43749798125000006 0.5567169234375 0.439943771875 0.56059076875 0.44040253749999997 0.56976576875 0.4391796421875 0.57282423125 0.4362750859375 0.5740473078125 0.43352335625
2 0.651524615625 0.3812684546875 0.6462234609374999 0.382032871875 0.6419419234375 0.384020184375 0.6401069234375 0.3878416953125 0.6401069234375 0.3921222609375 0.6407184609375001 0.394873990625 0.6423496156249999 0.39838985 0.6444423078125 0.40064446406250004 0.6498934609375 0.4026701265625 0.65601 0.4026701265625 0.659883846875 0.4016000578125 0.663146153125 0.3996127453125 0.665388846875 0.39533246875 0.6670200000000001 0.391969434375 0.6666123078124999 0.388912053125 0.6645734609375 0.3852430796875 0.6592723078125 0.38172693125 0.651524615625 0.3812684546875
1 0.44910730781249997 0.33923500624999997 0.44710230781250004 0.3391193765625 0.44571384687500004 0.339350634375 0.444325384375 0.34016003437500003 0.4418573078125 0.3405069203125 0.44216615312499996 0.3422410609375 0.4418573078125 0.34351268749999997 0.441394615625 0.344437715625 0.4394665390625 0.3465187421875 0.4389265390625 0.348484140625 0.438155384375 0.35229930781249996 0.4396976921875 0.351952421875 0.44154884687499996 0.35102739375 0.44386269218749996 0.3538021921875 0.4437084609375 0.356114475 0.44355423125 0.35796424375 0.44355423125 0.3607387546875 0.4447884609375 0.3649008078125 0.4450969234375 0.3673287203125 0.4458680765625 0.36964100312500003 0.4461765390625 0.3718376578125 0.44710230781250004 0.373687428125 0.45188423125000005 0.3759997109375 0.45774576875 0.37588408281249996 0.45836269218750003 0.3741499421875 0.45836269218750003 0.37276239843750003 0.46052230781250003 0.3717220296875 0.46283615312500004 0.3706816609375 0.46530423125000003 0.3699878890625 0.4679265390625 0.3690628609375 0.47039461562499996 0.3683693765625 0.473325384375 0.36744434843749996 0.4759480765625 0.366172721875 0.47749038437499997 0.36547895 0.47841615312499997 0.3639760671875 0.478724615625 0.3630510375 0.47625653906250004 0.36281978125 0.4719373078125 0.3631666671875 0.46931500000000004 0.363513553125 0.4677723078125 0.3633979234375 0.46838923125000004 0.36201066875 0.4685434609375 0.3615481546875 0.4677723078125 0.3593515 0.46746384687500003 0.35877335625 0.4679265390625 0.357848615625 0.46838923125000004 0.35669232968750003 0.46823499999999996 0.3556519609375 0.4666926921875 0.3549581890625 0.46653846093749995 0.3548425609375 0.4666926921875 0.35368656249999997 0.466075384375 0.35229930781249996 0.46530423125000003 0.351143021875 0.46437884687500003 0.349524509375 0.46360730781250004 0.3489463671875 0.46144807656250003 0.3482528828125 0.46036807656249995 0.346634371875 0.458979615625 0.345824971875 0.45728307656249995 0.34536245625 0.45496923125000005 0.3445533453125 0.45358076875000003 0.3427032875 0.45304115312500004 0.3405069203125 0.45311807656249997 0.34004440625 0.45080423124999996 0.33923500624999997 0.44910730781249997 0.33923500624999997
1 0.47918730781249996 0.3595726640625 0.48258076875 0.360844290625 0.484586153125 0.35991955 0.4876326921875 0.3576147640625 0.489985 0.354948096875 0.49121923125 0.3536764703125 0.4907565390625 0.35228921562500004 0.48921384687499997 0.350555075 0.48782538437499995 0.3525204734375 0.48535730781249997 0.354948096875 0.482735 0.35714475156250003 0.48073 0.3576072671875 0.47918730781249996 0.3595726640625
1 0.45065 0.39572894999999997 0.44324576875000005 0.39387918125 0.4313680765625 0.3917981546875 0.41856499999999996 0.3908734140625 0.4119319234375 0.3904109 0.405144615625 0.3911623421875 0.405144615625 0.3949198390625 0.40761269218749996 0.39850374843749997 0.409001153125 0.40023788906249996 0.4108523078125 0.40243454375 0.413628846875 0.40266580156250004 0.416251153125 0.4020876578125 0.41825653906250004 0.400700403125 0.4197219234375 0.4012205875 0.42458076875 0.4027814296875 0.42766576875 0.404168684375 0.431059615625 0.4050937140625 0.435224615625 0.4062497109375 0.43923500000000004 0.40729036875 0.4420115390625 0.40833073750000004 0.445405384375 0.40844636718749994 0.45080423124999996 0.4078682234375 0.45388923124999997 0.40844636718749994 0.45635730781249995 0.41075865 0.46221923125000003 0.41179902031250004 0.47548500000000005 0.412518165625 0.4790330765625 0.41179902031250004 0.48319807656249997 0.41041176406249996 0.483815 0.40809948125 0.482735 0.4043999421875 0.48057538437499997 0.4010472890625 0.47857038437500005 0.4001222609375 0.47070307656250004 0.3993131484375 0.4594426921875 0.39792560625 0.45065 0.39572894999999997
1 0.4108523078125 0.42231978124999997 0.404990384375 0.42324480937500003 0.404990384375 0.4255568046875 0.408075384375 0.4261349484375 0.41665615312500004 0.4257889265625 0.422575384375 0.424285178125 0.42689461562500003 0.4227822953125 0.42812884687499997 0.421626009375 0.4285915390625 0.4194293546875 0.4255065390625 0.41850461406250006 0.41825653906250004 0.41734861562500003 0.42288423125 0.42047001093749997 0.4181023078125 0.42151038124999995 0.4108523078125 0.42231978124999997
1 0.430751153125 0.46093425625 0.438309615625 0.4641712796875 0.44154884687499996 0.46498068124999997 0.445559615625 0.47167589374999996 0.44262884687500004 0.47421943437499997 0.4418573078125 0.4775723765625 0.4437084609375 0.48472001093749995 0.44324576875000005 0.486685409375 0.4430915390625 0.48807266406250005 0.44355423125 0.48922895000000005 0.44571384687500004 0.489113321875 0.444171153125 0.4952407734375 0.44262884687500004 0.5011369671875 0.4387723078125 0.5064550171875 0.43537884687500006 0.508651671875 0.43213923125000003 0.5101545562500001 0.42946269218750005 0.5109010953124999 0.4243723078125 0.5075481546875 0.42468076874999994 0.5033861015625 0.43501576875000003 0.4940216265625 0.434398846875 0.49205622812499994 0.43223923124999997 0.49390599843749994 0.42529769218749996 0.49933967656249995 0.4220584609375 0.5030395046875 0.42128692343749996 0.505467128125 0.42236692343750004 0.507895040625 0.4273030765625 0.5150628609375001 0.42915423124999996 0.5189939453125 0.42529769218749996 0.5225778546875001 0.42406384687500004 0.5260461359375 0.417585 0.5349483859374999 0.41357423125 0.5410758359375001 0.40894653906249995 0.547058246875 0.402313846875 0.5516828140625 0.39691461562499997 0.5542260671875 0.3944465390625 0.5560761249999999 0.39984576875 0.5581571515625 0.40416461562499995 0.5601225484375 0.41681384687499995 0.558041521875 0.42545192343749993 0.5531856984375 0.42606923124999996 0.555613609375 0.4265319234375 0.5575790078125 0.425914615625 0.5585037484375001 0.426840384375 0.5597756625 0.4251434609375 0.5643999421875 0.42329230781250005 0.5669434828125001 0.42128692343749996 0.5667122265625 0.422675384375 0.5686776234375001 0.422829615625 0.5701807953125 0.42221269218749996 0.5708742796874999 0.4243723078125 0.571221165625 0.424835 0.5733021921875 0.4243723078125 0.574689446875 0.424835 0.57538321875 0.42190423125 0.5819731828125 0.4234465390625 0.5844008078125 0.42622346093749996 0.5826666671875 0.42838269218749997 0.58312918125 0.429925384375 0.58393858125 0.43331884687500005 0.5823197812500001 0.4303880765625 0.5803543828125 0.43023384687500005 0.5785046140625 0.4305423078125 0.576539215625 0.43100538437499997 0.5759613609375 0.43254769218750005 0.5745738171875 0.4357873078125 0.5733021921875 0.438255384375 0.5724927906249999 0.44056884687500003 0.572261534375 0.44257423124999995 0.572261534375 0.4439626921875 0.5724927906249999 0.4462765390625 0.5716836796875 0.4479734609375 0.5701807953125 0.4492073078125 0.5684463671875 0.45075000000000004 0.5662497109375 0.45275538437499996 0.5650937140625001 0.45398923125 0.563706459375 0.460159615625 0.558041521875 0.463244615625 0.5526075546875 0.46417 0.547983275 0.466021153125 0.5434743375 0.46787230781250005 0.539543540625 0.46540423124999997 0.5400060546875001 0.4657126921875 0.5343408296875001 0.46818076875000003 0.5315663203125001 0.47203730781250003 0.5324910609375 0.474505384375 0.5339942328125 0.476664615625 0.5357283734375 0.4834519234375 0.533647346875 0.47975 0.5321444640624999 0.47728192343750003 0.5307569203125 0.4758934609375 0.5298321796875001 0.474659615625 0.528791521875 0.4728084609375 0.5279824109375 0.47018615312499995 0.5271730109375 0.46956923125000005 0.525901384375 0.46617538437499995 0.5263636093749999 0.463398846875 0.526826125 0.460313846875 0.527519896875 0.45959516718750004 0.528919815625 0.455068846875 0.52948529375 0.45136692343749996 0.5322598046875 0.45090423125 0.5323754328125 0.45368076874999996 0.529369665625 0.453063846875 0.5279824109375 0.45275538437499996 0.525901384375 0.4552234609375 0.5256701265625 0.458 0.5260170125 0.46170192343750005 0.526941753125 0.467409615625 0.526132640625 0.47034038437500003 0.5252076125 0.4708030765625 0.5219705875 0.4708030765625 0.519427046875 0.468335 0.5195426765625 0.4649415390625 0.5211611875 0.46093076875000005 0.5218549593749999 0.45753730781249996 0.5218549593749999 0.453063846875 0.5206986734375 0.451675384375 0.520236159375 0.448898846875 0.51850201875 0.45090423125 0.5157476937500001 0.45383500000000004 0.513435409375 0.4553776921875 0.512047865625 0.45815423125 0.50927335625 0.4604680765625 0.5011805078125 0.461085 0.4952843140625 0.4627819234375 0.4893881203125 0.46478730781250005 0.485572953125 0.46555846093750003 0.4838385234375 0.4644745828125 0.4815744796875 0.46694653906249994 0.48490945781250006 0.47018615312499995 0.48490945781250006 0.4731169234375 0.4824815453125 0.473733846875 0.480516146875 0.4731169234375 0.47935986093749994 0.4762019234375 0.47855074999999997 0.47820730781250004 0.47751009218749996 0.47867 0.47646972343750005 0.4794415390625 0.475198096875 0.47867 0.4734636671875 0.47651038437500004 0.4705735296875 0.47573923125000006 0.46860813125 0.4758934609375 0.46652710468749997 0.4760476921875 0.46340542031250004 0.47496807656250006 0.46178690937500005 0.4738880765625 0.4605152828125 0.47327115312499995 0.45889677031250004 0.47327115312499995 0.45762485625 0.4731169234375 0.4557750859375 0.47265423125000006 0.4548503453125 0.47126576875000004 0.45323183437500003 0.47034038437500003 0.4517286625 0.46848923124999997 0.44930075 0.4666380765625 0.44722001093749997 0.4657126921875 0.44664186875 0.46293615312499997 0.4447920984375 0.460159615625 0.4430579578125 0.458771153125 0.44236418750000006 0.45661153906249996 0.44236418750000006 0.452909615625 0.4421329296875 0.4493615390625 0.44132352968750005 0.44535076875 0.438242503125 0.4430373078125 0.43546770468749996 0.4421115390625 0.43361793593750003 0.44149461562500003 0.4311900234375 0.441340384375 0.4285311421875 0.44272846093749996 0.425062571875 0.44349999999999995 0.4237909453125 0.4431915390625 0.42194117656249996 0.44349999999999995 0.419975778125 0.4439626921875 0.41922433750000004 0.444733846875 0.41870386406250004 0.4462765390625 0.42078489062499996 0.45044153906249995 0.41962889218750005 0.4492073078125 0.41569809687500003 0.44905307656250004 0.4125767015625 0.44997846093750005 0.4110735296875 0.44966999999999996 0.4100331609375 0.4472019234375 0.409686275 0.444425384375 0.40939734687499996 0.4410319234375 0.407952134375 0.44041461562500006 0.4076052484375 0.438563846875 0.4082990203125 0.437021153125 0.410380046875 0.43517 0.4126920421875 0.4323934609375 0.415813725 0.4306965390625 0.41905074999999997 0.42930846093749997 0.42240369062500005 0.42884576875 0.42529382968749996 0.4286915390625 0.42702797031250006 0.42637423124999996 0.42695963125 0.42427230781249997 0.429141003125 0.4201073078125 0.43006574375 0.4159426921875 0.4312220296875 0.41069769218749996 0.43388091093750003 0.40761269218749996 0.4364244515625 0.40699576875 0.4370025953125 0.412086153125 0.44428604375 0.41578846093750005 0.4482168390625 0.42134153906250005 0.4550380625 0.42365538437500005 0.4570034609375 0.430751153125 0.46093425625
1 0.3932476921875 0.489581315625 0.39263076875 0.49154671250000004 0.3923223078125 0.494668396875 0.391705 0.49698068125 0.3903169234375 0.49998644687500005 0.3890826921875 0.5024720296875 0.387540384375 0.5057670125 0.386614615625 0.5078480390625 0.3859976921875 0.509929065625 0.3850723078125 0.5120100921875 0.3819869234375 0.513166378125 0.3809073078125 0.5159408875 0.37998192343750004 0.517675028125 0.37905615312499996 0.5196404265625 0.377513846875 0.5212592265625 0.3768965390625 0.521605825 0.383221153125 0.5202185703125 0.387386153125 0.5195247984375 0.3889284609375 0.5183688 0.3913965390625 0.5160565171875 0.39263076875 0.5151317765625001 0.3975669234375 0.5093512109375 0.40034346093749995 0.50472664375 0.40219461562500003 0.5012583625 0.4037369234375 0.4975585359375 0.4042 0.49559313749999995 0.4035826921875 0.49455276875000004 0.40312000000000003 0.4923561125 0.40404576875 0.4907376015625 0.4048169234375 0.48703806250000004 0.4048169234375 0.48541926249999995 0.4048169234375 0.48171972343749997 0.4048169234375 0.4802168390625 0.40450846093750004 0.4781358125 0.4037369234375 0.4757079015625 0.40312000000000003 0.47353662031250005 0.39910961562499997 0.4735112453125 0.397875384375 0.47258650468749996 0.3963326921875 0.47143021875 0.39695 0.47455190312499995 0.39741269218749997 0.4766329296875 0.3963326921875 0.4791764703125 0.39386461562499997 0.48079498281250005 0.393710384375 0.4832228953125 0.3934019234375 0.48565051875 0.3932476921875 0.489581315625
1 0.5010623078124999 0.3968630328125 0.5002896156250001 0.39758708125000003 0.49971 0.398166090625 0.498165 0.39932410625000003 0.4973923078125 0.40019290625000004 0.4977784609375 0.40265397968750005 0.49971 0.40772116562500005 0.49990346093750004 0.407431371875 0.5012553843750001 0.4058391 0.502414615625 0.4041017875 0.502993846875 0.40641810781250004 0.502993846875 0.4078659171875 0.5035734609375 0.41018223750000005 0.50492576875 0.41061649375 0.508016153125 0.4096032296875 0.5109134609375 0.4078659171875 0.512845384375 0.40468079531249995 0.513424615625 0.402074971875 0.513424615625 0.3996138984375 0.5132315390625 0.39657352968750004 0.5136180765625 0.3944019609375 0.51497 0.39411245625 0.5169019234375 0.39280940000000003 0.5190265390625 0.39237514375 0.5215376921875 0.3929541515625 0.5230830765625 0.3939677046875 0.524048846875 0.39498096875 0.52713923125 0.3978765859375 0.5290711531250001 0.399903403125 0.5315823078124999 0.4012061703125 0.5342865390625 0.40265397968750005 0.539695 0.40395703593750004 0.5425923078125 0.4056943484375 0.5451034609375001 0.4049703 0.54819423125 0.40395703593750004 0.5510915390625 0.40279873125 0.5510915390625 0.401640715625 0.5528299999999999 0.39975865 0.5547619234375001 0.3968630328125 0.5528299999999999 0.39353344843750004 0.5466488468749999 0.3875977515625 0.54066076875 0.38310957343749996 0.5362180765625 0.3815170125 0.53332076875 0.37934544375 0.5301334609375 0.37210697812500004 0.52656 0.365012975 0.5257873078124999 0.3606698390625 0.52559423125 0.357774509375 0.519219615625 0.35864302187499997 0.5163223078125 0.359511534375 0.5136180765625 0.3622623984375 0.5130384609374999 0.3645787203125 0.5122657687500001 0.370803921875 0.510720384375 0.36544723125 0.509754615625 0.363854959375 0.5089819234374999 0.36356545625000003 0.50763 0.36371020781249996 0.503380384375 0.3639997109375 0.5020280765625 0.3644339671875 0.4995169234375 0.3653024796875 0.49797153906249997 0.3653024796875 0.494494615625 0.36544723125 0.48966576875 0.36617127968749996 0.48927923125 0.368632353125 0.49082461562499996 0.372541234375 0.49565384687499997 0.373844290625 0.49990346093750004 0.376884371875 0.5016419234375 0.37963523593750004 0.501448846875 0.380793253125 0.5012553843750001 0.382530565625 0.501448846875 0.384267878125 0.5026076921875 0.3870184546875 0.5035734609375 0.3883215109375 0.5037665390625 0.38976931875 0.5020280765625 0.392519896875 0.5010623078124999 0.3968630328125
1 0.5377634609374999 0.3623944640625 0.5400811531249999 0.36007814374999997 0.54239923125 0.3584855828125 0.5447173078125 0.3570380625 0.54606923125 0.3550112453125 0.5483873078125 0.35327393281249997 0.5508984609375001 0.3529844296875 0.5524438468749999 0.3515366203125 0.55186423125 0.349944059375 0.5507053843749999 0.34835150000000004 0.54819423125 0.3471934828125 0.5462626921875 0.34704873125 0.543944615625 0.3473382359375 0.5389223078125001 0.348641003125 0.5346726921875 0.35139186875 0.532741153125 0.35327393281249997 0.5325480765624999 0.3554455015625 0.532354615625 0.3584855828125 0.532354615625 0.3615259515625 0.53119576875 0.3632632640625 0.5304230765625 0.366448096875 0.53119576875 0.368619665625 0.53293423125 0.3648555359375 0.5346726921875 0.3615259515625 0.5346726921875 0.3589198390625 0.534479615625 0.35631401406249996 0.5356384609375 0.3541424453125 0.538149615625 0.351681371875 0.5414334609375 0.35081257187500003 0.544910384375 0.3506678203125 0.548001153125 0.3500888125 0.5468419234375 0.35226038125 0.543944615625 0.35327393281249997 0.5416265390625 0.35443195 0.539115384375 0.35587975781250003 0.5377634609374999 0.357327565625 0.536025 0.35978863906249997 0.533513846875 0.36442127968750004 0.5330065390625001 0.3683754328125 0.5352523078125 0.3718047859375 0.534479615625 0.3744106109375 0.537183846875 0.3793330453125 0.537570384375 0.376003171875 0.538536153125 0.3736868515625 0.539308846875 0.371660034375 0.538149615625 0.3691989625 0.536025 0.36630334531250003 0.5362180765625 0.3641317765625 0.5377634609374999 0.3623944640625
1 0.47900307656249996 0.429732121875 0.477735 0.432297865625 0.47710076875 0.43524365625000005 0.4765934609375 0.4396147640625 0.4768473078125 0.4437958484375 0.476973846875 0.447026528125 0.4772276921875 0.4494022484375 0.47938346093749995 0.451492790625 0.4806519234375 0.45272808593749997 0.48293461562499995 0.455673875 0.4842026921875 0.4578595734375 0.487753846875 0.45823961874999997 0.48876807656250004 0.4583344875 0.48940230781249994 0.45652912343749996 0.49143153906250003 0.462420703125 0.494094615625 0.4626107265625 0.49320692343749994 0.45709919218749995 0.49244615312500006 0.4529181078125 0.49143153906250003 0.44835697812499997 0.49168500000000004 0.4459812578125 0.491938846875 0.44370069218749997 0.491938846875 0.4429406 0.49016307656249997 0.441230103125 0.48940230781249994 0.440660034375 0.4915580765625 0.44037485624999995 0.491938846875 0.440660034375 0.49346038437499995 0.440944925 0.49574346093750005 0.44037485624999995 0.49688461562499997 0.44018483281250004 0.4985334609375 0.44027998906250004 0.5033523078125001 0.4418001734375 0.50601576875 0.443890715625 0.5067765390625001 0.4494022484375 0.5075376921875 0.4539633796875 0.508425384375 0.4578595734375 0.5085519234375 0.459450115625 0.5025915390625 0.45973500625 0.5013234609375 0.45992502812499997 0.498913846875 0.4611603234375 0.498026153125 0.4637260671875 0.498026153125 0.466481834375 0.4942215390625 0.46895242187499997 0.491938846875 0.4704728953125 0.4911776921875 0.4718982125 0.49016307656249997 0.47208823593749993 0.48914884687500004 0.473418684375 0.48927538437500007 0.47598442968750004 0.488895 0.4783598609375 0.48902192343750006 0.48111562812499997 0.488895 0.4835862171875 0.48788038437500003 0.4845366203125 0.48610499999999995 0.48187572031250003 0.485090384375 0.4810204734375 0.48318807656249996 0.4807355828125 0.48204692343750005 0.48349135 0.48280769218749997 0.48605680468749995 0.48407576875 0.4877673015625 0.48610499999999995 0.4891678203125 0.485090384375 0.4920187421875 0.483695384375 0.495724625 0.4835684609375 0.499240484375 0.4834419234375 0.5028515 0.48255423124999997 0.50475201875 0.4806519234375 0.5071274515625 0.47976423125 0.5099783734375001 0.48115923125000004 0.5103584203125 0.48471000000000003 0.5095031718749999 0.48813423125 0.5087430796875 0.4918119234375 0.5073174734375 0.49587000000000003 0.5041816609375 0.493333846875 0.5025663203125 0.49320692343749994 0.499145328125 0.4943484609375 0.49838523593749995 0.49637730781249995 0.497339965625 0.49904076875000003 0.4959146484375 0.502845384375 0.49372895000000006 0.504240384375 0.49173356406249996 0.505254615625 0.49040311406250003 0.5076642312499999 0.48954786562499997 0.5095665390625 0.48926297500000004 0.5151465390625 0.4891678203125 0.51781 0.489738178125 0.519205 0.48992820000000004 0.521741153125 0.48774250312499995 0.524531153125 0.48498673593749997 0.5249119234374999 0.4830862171875 0.5238973078125 0.47976038125000003 0.524404615625 0.4761496546875 0.5246580765625 0.47434400156249995 0.5243626921875 0.4716130328125 0.527026153125 0.4707580734375 0.5282942312500001 0.46980767031250004 0.526518846875 0.467812284375 0.526265 0.46676701249999997 0.526265 0.4654365625 0.5280407687500001 0.46420126875 0.530069615625 0.4633460203125 0.5320988468750001 0.46287081875 0.5363473078125 0.461920703125 0.5383130765625 0.461635525 0.5427515390625001 0.4614455015625 0.5457953843750001 0.461350634375 0.548205 0.461255478125 0.5508680765625 0.46154065781250003 0.5540384609375 0.46173068125 0.5584773078125 0.46087543281250004 0.5606965390624999 0.46049538593749995 0.5630426921875 0.4601150515625 0.5648184609375 0.45878489062499994 0.5674815390625 0.45583910000000005 0.569891153125 0.4540337375 0.5710323078124999 0.45479382968750004 0.57192 0.453653403125 0.5724273078125 0.452323240625 0.57534423125 0.4512779703125 0.5787684609375 0.450327565625 0.584475384375 0.44985265312499995 0.589675 0.44956747343750003 0.5927184609375 0.44966262968750004 0.5933526921875 0.44766695468749995 0.5898015390625 0.447286909375 0.5867580765625 0.44757179999999996 0.582446153125 0.44804700156250005 0.578895384375 0.44804700156250005 0.577119615625 0.44766695468749995 0.580543846875 0.446621684375 0.5829534609375 0.4455764125 0.5856165390625 0.44481632031249996 0.5882799999999999 0.4441510953125 0.5898015390625 0.44367589374999994 0.5911969234375001 0.4423457328125 0.591703846875 0.4403500578125 0.591703846875 0.43911476406250005 0.5901823078125 0.43816464843749997 0.5877726921875001 0.43740426718750003 0.584728846875 0.43645415156249995 0.581305 0.435313725 0.578895384375 0.43493367968749996 0.5776269234375 0.4355037484375 0.5742030765624999 0.435693771875 0.5730615390625 0.4361689734375 0.5703984609375 0.43749942343750003 0.567735 0.4393999421875 0.56557923125 0.44101528281249996 0.5622819234375 0.4423457328125 0.5592380765625 0.44320069218749997 0.5564480765625001 0.4438659171875 0.55441923125 0.44405594062500003 0.5532776921875 0.44434111875 0.551375384375 0.44491118749999997 0.5484584609375001 0.44586159218750004 0.5455415390625 0.446621684375 0.54059576875 0.44757179999999996 0.5379326921875001 0.44814215625 0.534635384375 0.4487122265625 0.5329865390624999 0.449187428125 0.5282942312500001 0.450992790625 0.5261384609374999 0.4527032875 0.524236153125 0.4550790078125 0.5222069234375 0.4566943484375 0.5189096156249999 0.4578344875 0.517895 0.4572644171875 0.51726076875 0.45583910000000005 0.517514615625 0.45384342499999997 0.518148846875 0.45146799375 0.5187826921875 0.44975749687500005 0.520938846875 0.44861707031250003 0.5239823078125 0.44766695468749995 0.526518846875 0.4463365046875 0.5331134609375 0.44253575625 0.5371715390625 0.440064878125 0.5402153843749999 0.43749942343750003 0.5427515390625001 0.4355037484375 0.5456684609375 0.4325746828125 0.545415 0.42915369062500003 0.5452880765625 0.42715830468749993 0.5465561531249999 0.42658794687499996 0.5508680765625 0.42706314843750004 0.553785 0.42715830468749993 0.558350384375 0.426873125 0.563930384375 0.42668310312499996 0.567988846875 0.4259230109375 0.5707788468749999 0.42468742812500004 0.5730615390625 0.422787196875 0.5736957687500001 0.4210767015625 0.5720469234375 0.41851095781250003 0.5706519234375 0.4172756625 0.5672276921875 0.4156603234375 0.56418423125 0.414519896875 0.5599992312500001 0.41356978125 0.555560384375 0.41337975781249997 0.55175576875 0.4139498265625 0.5508680765625 0.41404469375 0.5504876921874999 0.4124293546875 0.5470634609375 0.41147923906250006 0.5449076921875 0.4117641296875 0.5421176921875 0.41290455625 0.539835 0.41423471718749993 0.5371715390625 0.4152799890625 0.534254615625 0.41604036874999994 0.5333669234375 0.4161352359375 0.530703846875 0.417007209375 0.5261384609374999 0.41472664375 0.523094615625 0.413111015625 0.521065384375 0.412446078125 0.5194169234375 0.413016146875 0.5134565390625 0.4061744515625 0.50876423125 0.40950028906249997 0.5054669234375 0.41054555937500004 0.502296153125 0.41045040312500003 0.5026765390625 0.41178085312499996 0.504325384375 0.41206574375000005 0.507876153125 0.41225576718749996 0.507115384375 0.41444146406250004 0.5068619234375 0.4153915796875 0.508510384375 0.4180524796875 0.5097784609375 0.41909775156249995 0.5111734609374999 0.41434630937500005 0.5124419234375 0.4142514421875 0.5152319234375 0.417482121875 0.5170073078125 0.41909775156249995 0.518275384375 0.4204279125 0.515485384375 0.4219483859375 0.5139634609375 0.423563725 0.512315 0.4247990203125 0.509905384375 0.42622462499999997 0.5058473078125 0.4286952140625 0.5041984609375 0.430310553125 0.502169615625 0.43173587031249994 0.5014084609375 0.4331611875 0.5039450000000001 0.43439648281250004 0.5063546156250001 0.434871684375 0.5080030765625 0.43572693124999995 0.5090480765625001 0.43107064531250006 0.5096393578125 0.4306909296875 0.5102919234375001 0.43357987343750004 0.5097784609375 0.4369622265625 0.5111734609374999 0.438767878125 0.5124046156250001 0.43912024218749995 0.511934615625 0.4420937140625 0.509525 0.4430438296875 0.5088907687499999 0.44228373750000005 0.50460923125 0.43629700156249995 0.502833846875 0.4353468859375 0.49902923125000004 0.4344916375 0.4978876921875 0.4343016140625 0.4907980765625 0.43257237656249997 0.4929534609375 0.42916205312500005 0.4953626921875 0.42650144218749997 0.4946019234375 0.42422058749999997 0.491304615625 0.4216551328125 0.48990961562499996 0.4212750859375 0.488895 0.42251038124999996 0.4872465390625 0.4231753171875 0.48610499999999995 0.42431574375 0.4845830765625 0.4255510375 0.4816665390625 0.42745155781250005 0.47900307656249996 0.429732121875
1 0.5088326921874999 0.49293627500000003 0.50557923125 0.493621971875 0.5016134609375 0.49461245624999994 0.49602076874999995 0.49773615937500004 0.49388576874999995 0.5000219140625 0.4936823078125 0.5022312578125 0.49602076874999995 0.50230738125 0.49876615312499994 0.50245991875 0.5006984609375 0.5025360437499999 0.505273846875 0.50245991875 0.504460384375 0.5044408875 0.505273846875 0.5050504609375001 0.50690076875 0.5052027109375 0.5116799999999999 0.5041361015625 0.5151373078125 0.5030694921875 0.5206280765625 0.501545559375 0.52317 0.5008598609375 0.526118846875 0.4998693765625 0.52825423125 0.49857410625 0.52977923125 0.49682180000000004 0.5306946156250001 0.49476470624999996 0.5316096156250001 0.4912600921875 0.5323215390625 0.488745675 0.5326265390625 0.48585063437500003 0.5343819234375 0.4886562859375 0.5359073078125001 0.4876658015625 0.5371273078125001 0.48728489062499997 0.53844923125 0.488275375 0.539974615625 0.489189734375 0.541194615625 0.48995155781250005 0.5419065390625 0.49018021875000006 0.542415 0.4914752015625 0.5431265390625 0.4921609 0.5440419234375 0.4924656859375 0.544855384375 0.4927704734375 0.545465384375 0.49383708125 0.5461773078125 0.495056228125 0.5471938468750001 0.4963515 0.54841423125 0.497265859375 0.54943076875 0.49795155781249995 0.551261153125 0.4982560546875 0.55421 0.4986372546875 0.552074615625 0.5009227218750001 0.5507526921875 0.5035132640625 0.549736153125 0.505036909375 0.5471938468750001 0.507170415625 0.5456688468750001 0.5083892734375001 0.544855384375 0.508694059375 0.5425165390625 0.5073226640625 0.5407880765625 0.5076274515625 0.53794076875 0.509151384375 0.53641576875 0.50998933125 0.535703846875 0.5114368515625001 0.53722923125 0.51355709375 0.53814423125 0.5149284890625 0.53763576875 0.5165282578125 0.53763576875 0.5178235296875 0.5377376921875 0.5186617640625 0.536008846875 0.5194997109374999 0.5337719234375 0.5196522484375 0.5322465390625 0.5190426765625 0.531535 0.5179760671875 0.5308230765624999 0.51713783125 0.528789615625 0.5159950984375 0.5274676921875 0.5147759515625 0.525738846875 0.5138618796875 0.524823846875 0.5137854671875 0.5186619234375 0.512490484375 0.515205 0.5116522484375 0.51215423125 0.511576125 0.509408846875 0.510585640625 0.506765384375 0.508757209375 0.5039180765625 0.5084524218750001 0.5042230765625 0.50944290625 0.5026980765625 0.5100521921875 0.50066423125 0.5108904265625 0.49608846093750003 0.5107378890625001 0.49202115312499994 0.5096712796875 0.49019115312499995 0.5100521921875 0.48825923125 0.5107378890625001 0.4881573078125 0.5111952140625 0.491004615625 0.512414071875 0.49314 0.5139380046875 0.494665 0.5151568625 0.49690192343749995 0.51713783125 0.49944423125000004 0.5178235296875 0.5014776921874999 0.5178999421875 0.5024946156250001 0.5180521921875 0.5019861531250001 0.518356978125 0.5060534609375 0.5168330453125 0.5068669234375001 0.5167569203125 0.50920576875 0.5169855828125 0.51012076875 0.5178999421875 0.511646153125 0.518433103125 0.512866153125 0.5188140140625 0.513069615625 0.5198044984375 0.5123576921875 0.52125201875 0.5114426921875 0.522242503125 0.507985384375 0.5200331609375 0.507070384375 0.5188901390625 0.5065619234375001 0.51729036875 0.5027996156250001 0.5181283156250001 0.5020876921874999 0.5190426765625 0.5047315390625 0.5208711078125 0.5066634609375 0.523385525 0.5083923078125 0.5250236453125 0.5077819234375001 0.5268901390625 0.5047315390625 0.5288711078125 0.5033080765625 0.530166378125 0.49974923125000004 0.5328959046875 0.5002576921874999 0.5346482124999999 0.49913923125000004 0.53640051875 0.5016811531250001 0.5376196656250001 0.5026980765625 0.539676759375 0.5031046156250001 0.541429065625 0.5017826921874999 0.5431052484375 0.50005423125 0.5439431953125 0.49690192343749995 0.543562284375 0.49415653906249996 0.543410034375 0.49314 0.543562284375 0.49080115312499994 0.545238465625 0.48917423125 0.5464576125 0.48988615312499995 0.547524221875 0.49263153906249996 0.5487814296875 0.49486846093750003 0.5495051906249999 0.49863076875 0.5509527109375 0.5035115390625 0.5517909453125001 0.507375384375 0.5511052484375 0.512459615625 0.5491242796875 0.5157134609375 0.5477528828125 0.518153846875 0.5457719140624999 0.52120423125 0.54455276875 0.5231361531250001 0.54470530625 0.5258815390625 0.5466098609375 0.5280169234375001 0.5479812578125001 0.53218576875 0.54820991875 0.534829615625 0.54851470625 0.5371680765625 0.5494290656249999 0.53849 0.5507240484375 0.541133846875 0.55217185625 0.5422523078125 0.5523241062500001 0.5456123078124999 0.5543745671875 0.545510384375 0.556812571875 0.545205384375 0.5596317765625 0.5456123078124999 0.5614602078125001 0.546933846875 0.56405075 0.5483576921875 0.56595530625 0.550086153125 0.566641003125 0.5517130765625 0.566564878125 0.553645 0.566945790625 0.5553734609375 0.5657269312500001 0.5558819234375 0.5642029984375 0.5555769234375 0.562984140625 0.554865384375 0.561079296875 0.5543569234375 0.559784025 0.55395 0.55780305625 0.5538484609375 0.557193771875 0.5534415390625 0.5557459625 0.552425 0.5542984421875 0.551204615625 0.5525461359375 0.551001153125 0.5511747406249999 0.551814615625 0.5503365046875001 0.5535434609375 0.5494985578125 0.554865384375 0.549041521875 0.5570515390625 0.5478223765625 0.55903423125 0.547060553125 0.5622880765625 0.5462984421875 0.5638130765625 0.5456891578125 0.5667619234375 0.5435556515625 0.568693846875 0.54233679375 0.5710834609375001 0.541346309375 0.572456153125 0.5402796999999999 0.5741850000000001 0.5386796421875 0.5748965390625 0.5363177625 0.5742865390625 0.53410813125 0.5737780765625 0.532203575 0.5710326921875 0.5309083046875 0.5702192312500001 0.5306035171875 0.5722526921875 0.5301464828125 0.5711342312500001 0.5284703000000001 0.5701176921875 0.5269463671875 0.5699142312500001 0.5251179359375 0.56910076875 0.5235178781250001 0.5682873078124999 0.52252739375 0.5653384609375001 0.521689446875 0.5622880765625 0.5219942328125 0.56055923125 0.521613321875 0.5604576921875 0.519555940625 0.55964423125 0.5187179937499999 0.557508846875 0.51864186875 0.557305384375 0.51841320625 0.5549669234375 0.5158558249999999 0.5538484609375 0.5136464828125 0.55395 0.511894175 0.5555769234375 0.50998933125 0.557203846875 0.508694059375 0.5601526921875 0.5064085921875 0.5622880765625 0.5046559984375001 0.5642199999999999 0.503056228125 0.5659484609375001 0.5011513843750001 0.567473846875 0.498941753125 0.568998846875 0.4966562859375 0.56940576875 0.49657352968749996 0.572049615625 0.49672577812499996 0.5739815390625 0.495361015625 0.5745915390625 0.4944466546875 0.5731680765625 0.49269434843750004 0.5719476921875 0.4918564015625 0.5696092312500001 0.49010380624999994 0.56910076875 0.4897228953125 0.568693846875 0.489037196875 0.5699142312500001 0.48667531718749996 0.571236153125 0.4848468859375 0.572659615625 0.48355161406249997 0.5755065390625 0.48240888125000003 0.577794615625 0.4810374859375 0.58018423125 0.4805801609375 0.5809976921875 0.4805801609375 0.5822176921875 0.48035178749999996 0.582421153125 0.478003171875 0.5800823078125 0.47579354062499996 0.57998076875 0.47480305625 0.5785573078125 0.473126875 0.577540384375 0.47213639062499996 0.5776419234375 0.47072693125000004 0.578963846875 0.46916522499999996 0.5794723078125 0.4675651671875 0.5782519234375 0.46657468281250003 0.5773369234375 0.46642214531250004 0.5751000000000001 0.465965109375 0.5746930765625 0.464974625 0.5751000000000001 0.46398414062500004 0.575405 0.46307006875 0.576930384375 0.462384371875 0.5773369234375 0.462231834375 0.57632 0.4609365625 0.57571 0.46032698906249997 0.5733715390625 0.45933679375 0.571236153125 0.4607843140625 0.5696092312500001 0.46124135 0.5692023078124999 0.46032698906249997 0.56849076875 0.45964129218750005 0.5659484609375001 0.45964129218750005 0.5632030765625 0.460022490625 0.5598476921875 0.46070818906250005 0.5561869234375 0.46124135 0.5484592312500001 0.4613938875 0.546323846875 0.4613938875 0.5434769234375 0.46131747343749996 0.5410365390625 0.46131747343749996 0.539104615625 0.46131747343749996 0.53585076875 0.4618509234375 0.5328 0.462384371875 0.5287326921875 0.46322231875000003 0.5270042312500001 0.46398414062500004 0.52588576875 0.4653555359375 0.5263942312500001 0.46726038125 0.52710576875 0.4687079015625 0.5281226921875 0.4706127453125 0.52619076875 0.47152710468750003 0.524360384375 0.47175547812499996 0.5244623078124999 0.4728220875 0.52488076875 0.4754700109375 0.524898846875 0.4776222609375 0.5254069234375 0.48013639062499996 0.5251019234375 0.481736446875 0.524898846875 0.4842505765625 0.5238819234375 0.485926759375 0.5212380765625 0.489126875 0.518391153125 0.49034573281249993 0.51564576875 0.49118396718749996 0.5131034609375 0.4920980390625 0.5088326921874999 0.49293627500000003
1 0.44926076875 0.5719815453125 0.446700384375 0.5720614187499999 0.44446 0.5723010375 0.43963769218750004 0.5723811999999999 0.43569038437499996 0.573420415625 0.4330230765625 0.57469925 0.431209615625 0.5759783734374999 0.430356153125 0.5773373703125 0.4298226921875 0.5790960203125 0.4307826921875 0.580854671875 0.43206307656250004 0.5816539796875 0.43430346093749994 0.58277306875 0.43590384687499995 0.5832528828125 0.4399576921875 0.5837324109375001 0.44283846093749996 0.5837324109375001 0.44603884687499995 0.58333275625 0.44795923125000003 0.583172721875 0.45041307656249996 0.583012975 0.4520134609375 0.5836525375 0.45510730781250003 0.583492503125 0.45873461562499995 0.5824532875 0.46022807656250003 0.58213350625 0.4621484609375 0.582293540625 0.463428846875 0.5837324109375001 0.46534923125 0.5838924453125001 0.46684269218749996 0.583172721875 0.46844307656249995 0.583492503125 0.47175038437500005 0.5848515 0.47431076875 0.585331315625 0.4787915390625 0.5860905421875 0.48209884687500004 0.5862903687500001 0.48668615312499997 0.587329584375 0.4911673078125 0.5880092265625 0.496715 0.58868858125 0.500448846875 0.5887684546874999 0.505569615625 0.5887684546874999 0.5066365390625001 0.5884486734375 0.50621 0.5862104953125 0.5057830765625 0.584691753125 0.5053565390625 0.5840521921875 0.501088846875 0.58213350625 0.4982084609375 0.581254325 0.500128846875 0.5806946359375 0.5066111531249999 0.577816896875 0.5088515390625 0.57621828125 0.5108784609375 0.5749391578124999 0.51471923125 0.573100634375 0.5155726921875 0.571022203125 0.5174930765625 0.5707822953125 0.5190934609375 0.571022203125 0.521120384375 0.570702421875 0.5226142312500001 0.5695833328125001 0.5234676921875 0.5678246828125 0.52421423125 0.565666378125 0.5230407687499999 0.5645470015625 0.5214403843750001 0.5639876015625 0.51856 0.56374769375 0.515999615625 0.5645470015625 0.51386576875 0.566225778125 0.510985384375 0.5690236453125 0.5083180765625 0.5700628609375 0.5067180765625 0.5678246828125 0.5067180765625 0.5655862171875 0.506824615625 0.5647070359375 0.5029838468750001 0.5629483859375 0.49957 0.561189734375 0.49924999999999997 0.5633480390625001 0.5013834609375001 0.566225778125 0.5025573078125001 0.5683840828125 0.503623846875 0.5711819499999999 0.49978346093750003 0.5731805078125001 0.49583576875 0.5738999421875 0.4912484609375 0.5745395046875 0.48794115312499997 0.5742197234375 0.48634076875 0.5735801609375 0.48452730781250003 0.5717416375 0.4826069234375 0.57030276875 0.4804730765625 0.5695034609375 0.47759269218749995 0.5691035171875 0.471725 0.567744521875 0.46884423125 0.5675049015625 0.4664973078125 0.565666378125 0.466283846875 0.5645470015625 0.4634034609375 0.564147346875 0.460629615625 0.5642272203124999 0.45796230781249997 0.564147346875 0.45444153906249996 0.5633480390625001 0.4545484609375 0.564467128125 0.4560419234375 0.565666378125 0.45774884687500006 0.5672649937500001 0.45902923125 0.5681444640625 0.461269615625 0.5695833328125001 0.462723846875 0.5722205875 0.456515384375 0.572221165625 0.460676153125 0.5706225484375 0.46035615312499995 0.5699829875 0.4588626921875 0.568943771875 0.4569423078125 0.5690236453125 0.4553419234375 0.5699031140625 0.45406153906249996 0.5706225484375 0.45299500000000004 0.5715017296875 0.45182115312500004 0.5723010375 0.44926076875 0.5719815453125
1 0.503918846875 0.5965452703125 0.502073846875 0.5963915796875 0.50253076875 0.5916698390625 0.49633346093749997 0.5905544984375 0.48997846093749997 0.5888647640625 0.49120846093750004 0.5923979234375001 0.4983834609375 0.5960844875 0.4928484609375 0.597774221875 0.4957184609375 0.60007814375 0.502278846875 0.6022286625 0.5074038468750001 0.602996828125 0.509453846875 0.603303921875 0.503918846875 0.5965452703125
1 0.49817846093749996 0.60622260625 0.501253846875 0.6089876015625 0.501663846875 0.6119062859375 0.4946934609375 0.6128278546875 0.4918234609375 0.6169752015625 0.49592346093749995 0.622812571875 0.504328846875 0.62603835 0.509248846875 0.6297249140625001 0.5211392312500001 0.6354083046875 0.5248296156250001 0.6360227796875 0.52359923125 0.6341796421875 0.528314615625 0.6351012109374999 0.5330296156250001 0.6323362171875 0.54082 0.6354083046875 0.543895 0.640784890625 0.549225384375 0.64401066875 0.549225384375 0.647543540625 0.553735384375 0.646929065625 0.559065384375 0.64708275625 0.56214076875 0.64585380625 0.56419076875 0.64278171875 0.5654207687499999 0.6352549015625 0.56214076875 0.6323362171875 0.56029576875 0.6291104390625 0.558655384375 0.62511649375 0.554145384375 0.6212762406250001 0.554350384375 0.6192794125 0.558860384375 0.619433103125 0.56132076875 0.61897231875 0.56460076875 0.617897059375 0.56644576875 0.6160536328124999 0.56562576875 0.6145175890625 0.56767576875 0.6117525953125 0.571161153125 0.608373125 0.56562576875 0.6080660328125 0.553120384375 0.6080660328125 0.542255 0.6076052484375001 0.54164 0.60560813125 0.541845 0.6039183968749999 0.543075 0.6020752593750001 0.54369 0.60130709375 0.547380384375 0.602689734375 0.548405384375 0.601614475 0.550045384375 0.601153403125 0.551480384375 0.599310265625 0.5499426921875 0.597774221875 0.548405384375 0.5965452703125 0.549430384375 0.5942410609375 0.54328 0.5934731828124999 0.5336580765625001 0.5921885812500001 0.5359 0.59977105 0.525444615625 0.6074515578125 0.51232423125 0.6063762968749999 0.506993846875 0.6031505187499999 0.501663846875 0.602689734375 0.4994084609375 0.60499365625 0.4973584609375 0.6040720875 0.4969484609375 0.604840253125 0.49817846093749996 0.60622260625
1 0.6765511531249999 0.4699593421875 0.6822584609375 0.4706277390625 0.6893926921875 0.4688904265625 0.6867173078125 0.46234198437499996 0.6815450000000001 0.45953575625000004 0.676729615625 0.4576646484375 0.67244923125 0.45566003437499997 0.6715573078125 0.45485813124999996 0.67120076875 0.45352191406250003 0.669773846875 0.452185409375 0.667990384375 0.45178460156250005 0.6678119234375 0.45098269843749994 0.6699519234375 0.4501807953125 0.6699519234375 0.4491118796875 0.668525384375 0.4480426765625 0.669238846875 0.44643887031249996 0.67298423125 0.4463053640625 0.6769080765625 0.4465726640625 0.6792265390625001 0.4463053640625 0.684220384375 0.4455034609375 0.6893926921875 0.44416695468749995 0.6958134609375 0.4440334484375 0.6977753843750001 0.4448353515625 0.7024126921875 0.4432315453125 0.704909615625 0.4413607265625 0.6981323078125 0.4389550171875 0.6877876921875 0.4376188 0.67512423125 0.43922231875 0.662996153125 0.4421626296875 0.65925076875 0.44443425625 0.6578238468750001 0.443766146875 0.653900384375 0.44109342500000004 0.646766153125 0.43561418749999997 0.640345384375 0.4324068625 0.6382049999999999 0.4353468859375 0.6319626921875 0.4376188 0.629108846875 0.4397569203125 0.63071423125 0.4421626296875 0.62946576875 0.4447015578125 0.6330326921875 0.4480426765625 0.6401669234375 0.45245271093749995 0.647301153125 0.457130046875 0.6544353843749999 0.4612727796875 0.6556838468749999 0.465816609375 0.6556838468749999 0.46795501718750004 0.6576457687499999 0.469291234375 0.6626396156250001 0.4716966546875 0.6644230765625 0.47022664374999995 0.6654930765625 0.46568310312500005 0.66692 0.46541580156249995 0.670843846875 0.46675201875 0.6765511531249999 0.4699593421875
1 0.657516153125 0.50342589375 0.657674615625 0.5061583046875 0.6573573078125 0.508772203125 0.6573573078125 0.5101978078125 0.658784615625 0.5134054203125 0.66084576875 0.5091286046875 0.6644923078125 0.5091286046875 0.6668707687500001 0.5081779125 0.66798076875 0.50948500625 0.668615 0.5107918109375 0.6711519234375001 0.5126926187499999 0.66702923125 0.5149498265625 0.664651153125 0.51601903125 0.6660780765625 0.5173261250000001 0.6665538468750001 0.5186329296875 0.6678223078125 0.51910813125 0.6711519234375001 0.518395328125 0.672420384375 0.5178013265625 0.673054615625 0.5174449250000001 0.6835984609375 0.5247797000000001 0.6884346156250001 0.5284031140625001 0.69224 0.52953200625 0.69889923125 0.528581315625 0.701436153125 0.5259677046875 0.7017534609375 0.52323529375 0.7041315390625 0.5213344875 0.70587576875 0.5189581890625 0.705558846875 0.51693858125 0.7042903843749999 0.5157505765625 0.702228846875 0.5133742796874999 0.700485 0.5095726640625 0.7006434609375 0.5077906578125 0.7036561531250001 0.5050579578125001 0.7060342312500001 0.5014939453125 0.7050830765625 0.49626643593750003 0.7039730765625001 0.4944844296875 0.700485 0.4944844296875 0.6995334609375 0.4963852359375 0.6996919234375001 0.4984051328125 0.6981065390625 0.50137514375 0.697155 0.503632353125 0.6957280765625 0.5010187421875 0.695411153125 0.4993555359375 0.694935384375 0.49792993125 0.6939838468749999 0.49733564062499996 0.693191153125 0.4967416375 0.69176423125 0.495672434375 0.692081153125 0.494246828125 0.693825384375 0.492821221875 0.6941426921875 0.4922272203125 0.6914473078125 0.4922272203125 0.689544615625 0.4929400234375 0.6863734609375001 0.4967416375 0.6847876921875 0.4985239328125 0.6832023078125 0.5005435406250001 0.6825680765625 0.502206746875 0.6820923078125001 0.5039887546874999 0.6816165390625 0.5039887546874999 0.6832023078125 0.5001871390625 0.6824092312500001 0.49959313749999995 0.6800311531250001 0.49983073750000007 0.6782869234375 0.5001871390625 0.674798846875 0.49959313749999995 0.671310384375 0.5008999421875 0.66924923125 0.50280075 0.66798076875 0.5006623421875 0.6694076921875001 0.4985239328125 0.66702923125 0.4982863328125 0.672420384375 0.49626643593750003 0.6743230765625 0.49329642500000004 0.674798846875 0.48973212187500004 0.670834615625 0.4884253171875 0.6673465390625 0.4884253171875 0.66489423125 0.48889475156250006 0.66489423125 0.48811332187499995 0.661868846875 0.487331603125 0.65696576875 0.4874878890625 0.6568615390625 0.4874878890625 0.65623576875 0.4872534609375 0.6536276921875 0.4870968859375 0.6542534609375 0.48936389843750006 0.65862576875 0.49107006875000003 0.66037 0.4922580734375 0.66148 0.4936839671875 0.66148 0.4953471734375 0.65989423125 0.49902998906249996 0.6578330765625 0.5015250859375 0.657516153125 0.50342589375
1 0.663063846875 0.48715772812499997 0.664219615625 0.48707122187499996 0.6669934609375 0.486465109375 0.670113846875 0.48594550156249994 0.6727723078125 0.48577220312499997 0.6748526921875 0.48429988437500004 0.6776265390625 0.48274106093749997 0.6798226921875 0.481615340625 0.6815565390625 0.480143021875 0.683174615625 0.4790173015625 0.684214615625 0.47771828125000004 0.685370384375 0.4761594578125 0.685370384375 0.47563985000000003 0.6844457687500001 0.47442733593749997 0.6815565390625 0.473128315625 0.677511153125 0.47174250312500005 0.6749684609375 0.47139619374999997 0.6726569234374999 0.47148269843749996 0.670345384375 0.4720025953125 0.6687269234375 0.473128315625 0.667224615625 0.4742540375 0.66549076875 0.47538004687499996 0.6643926921875 0.4751202421875 0.66248576875 0.4742540375 0.6608676921875001 0.47416753125 0.661561153125 0.47460063437500005 0.6620234609375 0.4757263546875 0.6616769234375 0.47633246875 0.6607523078125 0.47780478593750003 0.6592496156250001 0.47849769374999995 0.6567069234375 0.4790173015625 0.6508123078125 0.4810957328125 0.6487319234375 0.48100893906250003 0.645264615625 0.480749134375 0.6417973078125 0.4803163203125 0.6390230765625 0.479450115625 0.6369426921875 0.4784109 0.6348623078125 0.4771118796875 0.6318573078124999 0.4757263546875 0.6270030765625 0.47234890468749996 0.625153846875 0.4712228953125 0.622611153125 0.469923875 0.619606153125 0.4679322375 0.6179876921874999 0.4673258359375 0.6159073078125 0.46697952656249997 0.6134803843750001 0.4674126296875 0.6140580765625 0.4691444640625 0.6152138468749999 0.47001066874999997 0.616369615625 0.470963090625 0.6166007687499999 0.47226239843749995 0.618450384375 0.47356141875 0.6200684609375 0.4761594578125 0.6237669234375 0.479450115625 0.626193846875 0.48187514374999996 0.6260784609375001 0.48326066875 0.627465384375 0.48395357499999997 0.6296615390625 0.4838670703125 0.6337065390625 0.48594550156249994 0.642964615625 0.48863350624999996 0.6432996156249999 0.488630046875 0.6461892312499999 0.48594550156249994 0.6471138468750001 0.48577220312499997 0.6509280765625001 0.48819694374999995 0.651274615625 0.4883702421875 0.6527773078125 0.48715772812499997 0.6540484609375 0.48681141875 0.6586715390625 0.48698471718749997 0.663063846875 0.48715772812499997
1 0.617368846875 0.4987802765625 0.6230980765624999 0.500210784375 0.629175 0.501901384375 0.6340361531250001 0.5020314296875 0.647405 0.5013812 0.637335 0.4965692046875 0.64046 0.4925377734375 0.635425 0.4925377734375 0.6324734609375 0.49409832812500004 0.628480384375 0.4947485578125 0.6237926921875 0.4957889265625 0.620320384375 0.4963091125 0.6163269234375 0.49734976875000003 0.617368846875 0.4987802765625
1 0.5436730765625 0.5738001734375 0.545043846875 0.5757684546874999 0.5459580765625 0.577051903125 0.5468719234375 0.5784209921875 0.548585384375 0.5791908875 0.549956153125 0.5804743375 0.54949923125 0.5821856984375 0.5491565390625001 0.5840680500000001 0.54927076875 0.5866352359375 0.5506415390625 0.58843195 0.5515553843750001 0.5878330453125 0.552926153125 0.58689186875 0.554753846875 0.5870628609375 0.554639615625 0.5882609578125 0.5541826921874999 0.58954440625 0.5548680765625 0.5909134953125 0.556238846875 0.591854671875 0.555896153125 0.5927958484375 0.5540684609375 0.59484948125 0.552926153125 0.5964752015625 0.5552107687500001 0.5968174734375 0.5579523078124999 0.5939939453124999 0.561151153125 0.5907422140625 0.56366423125 0.58843195 0.5661773078125 0.5857794125 0.565834615625 0.585694059375 0.57086076875 0.584153690625 0.5741738468750001 0.5859506921875 0.57623 0.5866352359375 0.577715 0.5874051328125 0.5793142312499999 0.588774221875 0.58205576875 0.5908278546875 0.58354076875 0.592111303125 0.588224615625 0.5939083046875 0.5916515390625 0.5950204734375 0.595535384375 0.5957906578125 0.595763846875 0.5945928484375 0.5975915390625001 0.5927958484375 0.59644923125 0.5911701265625 0.594050384375 0.589458765625 0.5950784609374999 0.588004325 0.595649615625 0.5862929640625001 0.5961065390625 0.583897059375 0.59496423125 0.5813301609375 0.594050384375 0.5800467125 0.5921084609375 0.57893425625 0.5902234609375 0.578848615625 0.5887957687500001 0.5797897921875 0.588224615625 0.5886032296875 0.587425 0.589373125 0.586625 0.5871485 0.5862823078125 0.5854371390625001 0.5861680765624999 0.5831268749999999 0.585711153125 0.5809022484375 0.5849115390625 0.5795331609375001 0.58376923125 0.5779074390625001 0.5834265390625 0.5756828140625 0.5849115390625 0.5757684546874999 0.5847973078125001 0.5747416375000001 0.5809134609375 0.5678330453125 0.5788573078125 0.5658650515625 0.5766869234375 0.56466724375 0.5742880765625 0.561501153125 0.573373846875 0.5600467124999999 0.570403846875 0.5581640718750001 0.571546153125 0.5569662625 0.573945384375 0.5520891 0.5745165390625 0.547553921875 0.57623 0.5461848328125 0.5809134609375 0.544473759375 0.5818273078125 0.5432756624999999 0.5817130765625 0.541821221875 0.581598846875 0.540623125 0.58217 0.5398532296874999 0.582741153125 0.5388264125 0.5834265390625 0.53814186875 0.5839976921875001 0.5370294125 0.581484615625 0.53728604375 0.5794284609375 0.5378852359375 0.5774865390625 0.5387407734375 0.57634423125 0.5383985 0.57463076875 0.536173875 0.5737169234375 0.5396819500000001 0.573831153125 0.54036649375 0.573373846875 0.5413933109375 0.5713176921875001 0.5424201265625 0.56960423125 0.54259111875 0.56789076875 0.543104671875 0.5676623078125 0.5443881203125 0.567091153125 0.546441753125 0.564121153125 0.5496931953125 0.56492076875 0.544987025 0.5618365390625 0.5461626296875 0.5616080765625 0.5537779703125 0.561151153125 0.554291234375 0.55818076875 0.558013553125 0.55692423125 0.5597675890625 0.5573811531249999 0.5603664937499999 0.5578380765625 0.5615643015625 0.557609615625 0.5625057671875 0.55692423125 0.5640458484375 0.5561819234375001 0.5648160328125 0.554753846875 0.5660138406249999 0.55384 0.5674685703125 0.55246923125 0.5685807375 0.548813846875 0.56832410625 0.54652923125 0.5687520187499999 0.5437873078125001 0.56789619375 0.5437873078125001 0.5668693765625 0.543444615625 0.5643881203125 0.545729615625 0.5625057671875 0.544929615625 0.560024221875 0.543330384375 0.563104671875 0.5411030765625 0.5674685703125 0.5425307687500001 0.5688373703125 0.54401576875 0.5700354671875 0.5453865390625 0.5707200109375 0.5466434609374999 0.571746828125 0.54401576875 0.5732869093749999 0.5436730765625 0.5738001734375
1 0.6118234609375001 0.521077278125 0.6114034609375001 0.521916378125 0.610983846875 0.5236464828125 0.610983846875 0.5255337375 0.6125234609375 0.5271591703125 0.6136434609375 0.528102940625 0.6142034609375 0.529151384375 0.610143846875 0.53733045 0.611123846875 0.5382739328125 0.6136434609375 0.5383788921875 0.6186830765625 0.5386934828125 0.6226026921875001 0.5400565171875 0.6259626921875 0.5393226640625 0.6308623078125 0.5381692625000001 0.62698923125 0.53159948125 0.6280623078125 0.53051470625 0.6301623078125 0.5297805656250001 0.6345019234375 0.5290467125 0.6345019234375 0.5266349484374999 0.6336619234375 0.52139186875 0.6331019234374999 0.516568628125 0.6310023078125 0.5130034609375 0.6283423078125 0.5101721453125 0.6259626921875 0.5101721453125 0.6265604609375 0.516162409375 0.6261026921874999 0.5145761249999999 0.6255426921875 0.5105916953125 0.6241426921875 0.5090187421875 0.6227426921875 0.5112208765624999 0.6207830765625 0.5127935406249999 0.6175630765625 0.51394723125 0.6156034609375001 0.515100634375 0.6149034609374999 0.515939446875 0.6137834609375 0.5176170703125 0.6130834609375 0.519242503125 0.6118234609375001 0.521077278125
1 0.6137834609375 0.542573240625 0.6104238468750001 0.544250865625 0.606363846875 0.5435170125 0.60328423125 0.543412053125 0.6010442312500001 0.545299596875 0.5985246156249999 0.5466626296875 0.598384615625 0.5484452140625 0.5992246156250001 0.5498085359375 0.6010442312500001 0.5522200109375001 0.6027242312500001 0.5537929640625 0.606923846875 0.5550513265625 0.6093038468749999 0.5537929640625 0.6147634609375 0.5518007500000001 0.6143434609375 0.5530591125 0.6153234609375 0.5553659171875001 0.6177030765625 0.5569388703125 0.6179830765625 0.559140715625 0.6184030765624999 0.5619720296875 0.6238626921875 0.57212485625 0.6279223078125 0.5810377734375 0.6339419234375 0.587329296875 0.6404515390625 0.5871193765625 0.645841153125 0.585861303125 0.64934076875 0.5819815453125 0.65032076875 0.5797794125 0.64766076875 0.5760046140624999 0.644021153125 0.571495675 0.6416415390625 0.569083909375 0.6392615390625 0.5660429640625 0.6356219234375 0.5618489046875 0.6340819234375 0.5597517296875 0.6324019234375 0.5561865625 0.6307223078125 0.5535651671874999 0.6286223078125001 0.5512580734375 0.6289023078125 0.549056228125 0.6310023078125 0.547168684375 0.6325419234375 0.5465395046875 0.6387015390624999 0.5512580734375 0.6416415390625 0.5539844296875 0.646821153125 0.5561865625 0.64962076875 0.5593321796875 0.65200076875 0.562268165625 0.654730384375 0.5648895609375 0.656760384375 0.5657286625 0.65872 0.5675109578125 0.65935 0.5691888703125 0.65956 0.5709714531250001 0.6592800000000001 0.5728587078125 0.6606799999999999 0.5743269890625 0.6611 0.5752704734375 0.6597000000000001 0.57831141875 0.656620384375 0.58082814375 0.656340384375 0.5826107265625 0.66166 0.5837641296875 0.6636196156249999 0.5817716265625 0.664459615625 0.5801989625 0.6647396156250001 0.578835640625 0.665719615625 0.5752704734375 0.6662796156249999 0.5735928484375 0.664599615625 0.5668820640625001 0.667119615625 0.5666721453125 0.66893923125 0.5652041515625 0.6703392312500001 0.5620585359375 0.67061923125 0.5600663203125 0.67061923125 0.5587029984375 0.67229923125 0.556605825 0.6779269234374999 0.5550331609375 0.6800265390625 0.5535651671874999 0.6812865390625 0.5526213953125 0.6826865390625 0.5504192625 0.6829665390625 0.5483220875 0.6828265390625 0.5460152828125 0.6828265390625 0.5447569203125 0.6814265390625 0.5434985578125 0.6791865390625 0.541820934375 0.6766669234375 0.540352940625 0.6745669234375 0.5375219140625 0.6737269234375 0.535424740625 0.6724673078125 0.5328033453125001 0.6707873078125 0.5300769890625 0.6691073078125 0.5287136671875 0.6684073078125 0.5309158015625 0.6679873078125 0.532908015625 0.6663076921875 0.533746828125 0.6614080765625 0.53406141875 0.6598680765625 0.533746828125 0.6556684609375 0.5328033453125001 0.6545484609375001 0.5308108421875 0.6545484609375001 0.52913321875 0.6555284609375 0.52703604375 0.6549684609375 0.5255680500000001 0.652308846875 0.5256730109375 0.6493688468750001 0.52577768125 0.64628923125 0.52577768125 0.64362923125 0.52577768125 0.6401015390625 0.5249570359375 0.6347819234375 0.5282076124999999 0.6354819234375 0.5318777390625 0.6336619234375 0.534656575 0.6318423078125 0.536177046875 0.6305823078125 0.537225490625 0.6268026921875001 0.5395322953125 0.6226026921875001 0.5401614765625 0.6192430765625 0.5399518453125001 0.6163034609375 0.5393226640625 0.6137834609375 0.542573240625
1 0.677570384375 0.5804757781250001 0.67662923125 0.5811807953125 0.673098846875 0.58126903125 0.672275384375 0.5823267015625 0.67098076875 0.5842658593750001 0.6690980765625001 0.5862929640625001 0.6663919234375 0.5880556515625 0.6646265390625 0.589818628125 0.66345 0.590876296875 0.6610965390625 0.5949305078125 0.655566153125 0.599513840625 0.6547423078125 0.60383275625 0.6615673078125 0.6018056515625 0.6695688468750001 0.595988178125 0.6732165390625 0.5950187421875001 0.678629615625 0.588232121875 0.6829830765625 0.5846182234375 0.6809826921875 0.583119953125 0.678629615625 0.5816216843750001 0.677570384375 0.5804757781250001
1 0.67060576875 0.6313160328125 0.6688773078125 0.6285827562499999 0.667725 0.6239795265625 0.6669569234375 0.6226848328125001 0.6652284609375 0.6242673015625 0.6652284609375 0.6257058828125001 0.6642680765625 0.6285827562499999 0.6655584609375 0.631450403125 0.661579615625 0.6324668390625 0.661579615625 0.6347684546875 0.6642680765625 0.6380769890625 0.66734076875 0.64023500625 0.670413846875 0.640810265625 0.674254615625 0.6396594578125 0.6759830765625 0.6375017296875 0.67655923125 0.6360631484375 0.6734865390625 0.6341931953125 0.67060576875 0.6313160328125
3 0.455448846875 0.34223846562500004 0.4588180765625 0.34283967656250003 0.46154576875000003 0.3452442328125 0.46340000000000003 0.34550028906249997 0.46331076875 0.342719434375 0.4679634609375 0.3382707609375 0.47422115312499996 0.3361064015625 0.46138538437500004 0.330214821875 0.459138846875 0.3334610734375 0.45721346093750004 0.335505190625 0.45593000000000006 0.33766955 0.4552880765625 0.339833621875 0.455448846875 0.34223846562500004
3 0.42512423125 0.37504209843749997 0.425605384375 0.372757496875 0.429456153125 0.36722664374999997 0.42528461562500003 0.36386015 0.42223615312499996 0.3618160328125 0.41886653906250004 0.3625374859375 0.4154973078125 0.3647018453125 0.41260923125 0.366986159375 0.414855384375 0.3696314875 0.41710153906249997 0.37359919218750004 0.421433846875 0.376244521875 0.42512423125 0.37504209843749997
3 0.4456615390625 0.394159746875 0.44986423125 0.3919106109375 0.450153846875 0.39079296406249997 0.43860153906250005 0.382977796875 0.42271730781250005 0.391153690625 0.4456615390625 0.394159746875
3 0.4604226921875 0.4187768171875 0.46780307656250003 0.42478863906250003 0.472135384375 0.42490888125000004 0.473739615625 0.41661245625000004 0.47775076875 0.4138468859375 0.475183846875 0.4131257203125 0.4732584609375 0.4131257203125 0.46684038437500003 0.41228402500000005 0.46122461562500006 0.41228402500000005 0.4604226921875 0.4187768171875
3 0.5109634609375 0.4223837953125 0.509519615625 0.41985870781249995 0.5090380765625 0.41817560625 0.50823576875 0.41661245625000004 0.5063103843750001 0.41516955 0.503903846875 0.413486159375 0.5034223078125 0.41204354062500004 0.5024596156250001 0.4112018453125 0.48978423125 0.40723414062499996 0.48657538437500003 0.4066329296875 0.48464999999999997 0.4030256625 0.48464999999999997 0.4003806234375 0.48432923125 0.3980960203125 0.4822434609375 0.399418684375 0.4782323078125 0.40026038125 0.482885 0.4029054203125 0.483206153125 0.405791234375 0.484168846875 0.4085565171875 0.48304576875 0.41096136093749996 0.48673576875 0.410600634375 0.49010538437499995 0.4213016140625 0.49539999999999995 0.4244279125 0.49588153906250004 0.42791464843749993 0.4966834609375 0.42851585937500003 0.5019784609375 0.4255098046875 0.50615 0.426591984375 0.509519615625 0.42683246874999997 0.51337 0.42430767031250005 0.5109634609375 0.4223837953125
3 0.4246426921875 0.4029054203125 0.4193480765625 0.4017029984375 0.41838538437499995 0.40194348281250003 0.41678076875 0.4039876015625 0.4206315390625 0.40795530625 0.42351961562499996 0.40987918125 0.42367999999999995 0.41192329843750003 0.42865384687499997 0.413005478125 0.433948846875 0.4112018453125 0.4336276921875 0.40771482187499997 0.43106076875 0.4059114765625 0.42881423124999996 0.4045888125 0.4246426921875 0.4029054203125
3 0.42817269218750004 0.4266914640625 0.42672846093750005 0.423685409375 0.41710153906249997 0.42584976875 0.41854576874999994 0.42981747343750004 0.42416153906250004 0.4288555359375 0.42817269218750004 0.4266914640625
3 0.478303846875 0.4776035171875 0.47413307656250003 0.47896251406249996 0.47358884687499997 0.4805931375 0.47485846093750006 0.48494204218750003 0.478303846875 0.4863010375 0.4806615390625 0.48575749687499997 0.4813869234375 0.4841265859375 0.482475 0.4826317765625 0.48301923125 0.48072923906250004 0.48410730781250005 0.48032151093750003 0.486464615625 0.48276758906249995 0.48737153906249997 0.4835830453125 0.4882780765625 0.48276758906249995 0.4882780765625 0.47977768125000003 0.48864076875 0.4785547859375 0.48845961562499995 0.4761084203125 0.4880969234375 0.47434169531250003 0.4880969234375 0.47271107343749996 0.48936615312500004 0.471623703125 0.4915426921875 0.4705366203125 0.49263076874999995 0.469856978125 0.49444423125 0.46876989687500004 0.4957134609375 0.4675467125 0.496438846875 0.46645963124999995 0.4968015390625 0.46428517812500003 0.4977084609375 0.46265426718749997 0.498433846875 0.4619749140625 0.50061 0.4607517296875 0.501335384375 0.45966435937499994 0.5015169234375 0.458713090625 0.5011542312499999 0.4573540953125 0.5015169234375 0.45531574375000006 0.49970346093750007 0.4546361015625 0.4968015390625 0.45382064531250005 0.49408153906249996 0.4540925609375 0.493174615625 0.456674740625 0.4935373078125 0.458713090625 0.4939 0.4612952703125 0.49408153906249996 0.46292618281250003 0.4920865390625 0.46279008125 0.489185 0.45721828125 0.48555807656249994 0.4578976359375 0.48356307656249997 0.45721828125 0.48029884687499996 0.45232583593750003 0.47775999999999996 0.45477191406250006 0.476490384375 0.4569463671875 0.4768530765625 0.459528546875 0.47703461562499994 0.4622465390625 0.47594653906250006 0.4645568046875 0.475221153125 0.468905709375 0.4781226921875 0.471623703125 0.47884807656249995 0.47461360937499997 0.478303846875 0.4776035171875
3 0.4604673078125 0.5061398500000001 0.4594330765625 0.5081741640625 0.4587869234375 0.50894925 0.4559430765625 0.51001470625 0.45581384687500004 0.5121459046875 0.4551673078125 0.513308246875 0.4524526921875 0.5144705875 0.45219423125 0.5157298156250001 0.45542576874999996 0.516795559375 0.45898076874999993 0.51665023125 0.46324653906249996 0.5159235875 0.465896153125 0.5142768171875 0.466155 0.5132113609375 0.46628423124999996 0.511177046875 0.463569615625 0.5091427328125 0.464538846875 0.5079803921875 0.4684815390625 0.507689734375 0.47326423125000006 0.507011821875 0.47507423125 0.5054619375 0.47752999999999995 0.5014901953125 0.476243846875 0.4983615921875 0.47184230781250003 0.500812284375 0.47158384687500005 0.5006185125 0.46796461562499997 0.4996496546875 0.463569615625 0.49955276875 0.46072576875 0.501102653125 0.4604673078125 0.5029431953125 0.4604673078125 0.5038151671875 0.4604673078125 0.504977509375 0.4604673078125 0.5061398500000001
3 0.49265384687499997 0.542537196875 0.49523923124999997 0.5391467703124999 0.496015 0.5358532296875 0.483863846875 0.5333344875 0.47701307656249997 0.5358532296875 0.47468615312500007 0.5341095734375 0.47158384687500005 0.541083909375 0.4899115390625 0.547198096875 0.49265384687499997 0.542537196875
3 0.48270076875 0.5614264703125 0.48192500000000005 0.55939215625 0.48270076875 0.5557110734374999 0.4830884609375 0.554354959375 0.484639615625 0.5526113031250001 0.48632 0.5509645328125 0.487225 0.5489305078125 0.488776153125 0.5478647640625 0.48968076875 0.547089965625 0.4781765390625 0.5430213375 0.4788226921875 0.5436995390625 0.4700326921875 0.5444743375 0.4683523078125 0.5540643015625 0.47352269218750004 0.5550331609375 0.46951576875 0.5577453859375 0.4673180765625 0.5653979234375 0.4700326921875 0.56811015 0.47921038437499996 0.56917589375 0.48218346093750003 0.567626009375 0.48425192343749995 0.563751153125 0.48270076875 0.5614264703125
3 0.5031819234375 0.5705850640625 0.499174615625 0.5616732984375 0.49465038437500003 0.5627387546875 0.49219423124999995 0.56399798125 0.4899969234375 0.5675821796875 0.489479615625 0.57029440625 0.48779923125 0.572522490625 0.4881873078125 0.5741692625 0.4933576921875 0.5738786046875 0.499303846875 0.572522490625 0.5031819234375 0.5705850640625
3 0.5008549999999999 0.55498933125 0.5008549999999999 0.5580891 0.50163076875 0.5602200109375 0.5013719234375 0.56186678125 0.507964615625 0.566322953125 0.50861076875 0.5693258359375 0.5133934609375 0.5671946359375 0.5159788468750001 0.5645792968750001 0.5148153843750001 0.5614795265625 0.5106792312499999 0.5577984421875 0.50977423125 0.55668454375 0.50951576875 0.555183103125 0.506219615625 0.554408015625 0.5029230765625 0.554408015625 0.5008549999999999 0.55498933125
3 0.5214080765625 0.557895328125 0.524381153125 0.560026528125 0.5391173078125 0.5566361015625 0.5389880765624999 0.55218021875 0.536919615625 0.5497583625 0.5338173078125 0.5483053640625 0.5274834609375 0.5475302765625 0.5241226921875 0.54520559375 0.5177884609375 0.54627105 0.519210384375 0.5503396765625 0.5198569234375 0.5546986734375 0.5214080765625 0.557895328125
3 0.554635384375 0.557020184375 0.558105384375 0.557335928125 0.5613569234375 0.5529518453125 0.5612276921875 0.5466554203125 0.551145 0.5515957328125001 0.554635384375 0.557020184375
3 0.59522423125 0.5655446937499999 0.5962580765625 0.564576125 0.5962580765625 0.5633166093749999 0.5954826921875 0.56137946875 0.5956119234374999 0.559151384375 0.5936730765625 0.5559547296875 0.5908292312500001 0.553920415625 0.57648076875 0.558473471875 0.5742834609374999 0.560313725 0.5742834609374999 0.5611856984375 0.574671153125 0.5614763546875 0.57648076875 0.5634134953125 0.5773857687499999 0.564382353125 0.5806173078125 0.5671914640625 0.582556153125 0.569613321875 0.5857876921875 0.568547578125 0.591604615625 0.5670945796875 0.59522423125 0.5655446937499999
3 0.582294615625 0.5697739328125 0.584621153125 0.574617359375 0.5844919234375 0.5757797 0.5853969234374999 0.5770389265625 0.5877234609374999 0.5782984421874999 0.5904380765624999 0.5756828140625 0.5906965390625001 0.5722923875 0.5898030765625 0.567910034375 0.582294615625 0.5697739328125
3 0.6204273078125 0.569483275 0.619781153125 0.5678365046875 0.620944615625 0.5664803921875 0.6179715390625 0.5599901953125 0.616678846875 0.55805276875 0.6159030765625 0.556793540625 0.6117669234374999 0.5564059984374999 0.6106034609375001 0.5565028828125 0.6045280765625 0.557181084375 0.602201153125 0.5576655125000001 0.60077923125 0.5596995390624999 0.6011669234375 0.562072953125 0.6019426921875 0.5664803921875 0.6037523078125 0.56987081875 0.6047865390625 0.5741329296875 0.60582076875 0.573745675 0.608664615625 0.5730674734375001 0.6099569234375 0.5723892734375 0.612283846875 0.5723892734375 0.616420384375 0.5721955015625 0.6192642312500001 0.571614475 0.620944615625 0.5706456171875 0.6204273078125 0.569483275
3 0.59728923125 0.5377104953125 0.59263576875 0.5368388125 0.589016153125 0.5375167249999999 0.586818846875 0.538001153125 0.5835873078125 0.5390666093750001 0.582036153125 0.5411978078125 0.5817773078124999 0.5433774515625001 0.57854576875 0.5450726640625 0.5896626921875 0.5468160328125 0.589275 0.5487534609375 0.5877234609374999 0.5527252015624999 0.592765 0.5500126875 0.594574615625 0.548172434375 0.596255 0.54691291875 0.5975476921875 0.5443944640625 0.598064615625 0.542553921875 0.597935384375 0.5396479234375 0.59728923125 0.5377104953125
3 0.65610423125 0.575585928125 0.6580434609375 0.5729705875 0.658818846875 0.5690957328125 0.6573969234375 0.5668679359375 0.654294615625 0.564155709375 0.65145076875 0.5619276234374999 0.6496411531249999 0.558924740625 0.646538846875 0.559602653125 0.642143846875 0.557859284375 0.6347323078125 0.5562459625 0.6334830765625 0.5579558828125 0.63477576875 0.5607652828125 0.6398169234375 0.5670617078125 0.643695 0.568998846875 0.6458923078125001 0.5701614765625 0.648865384375 0.571808246875 0.6510630765625 0.5730674734375001 0.653131153125 0.5744235875 0.65610423125 0.575585928125
3 0.57945076875 0.53151931875 0.5773826921875 0.53229440625 0.5782873078125 0.5350066328125 0.57958 0.5367502890625 0.582294615625 0.5377188578125 0.5838415390625 0.53771424375 0.59638423125 0.5354826984375001 0.592765 0.5326732984375 0.5923773078125001 0.5275395046875 0.5923773078125001 0.5267644171875 0.5909553843750001 0.5241574390625 0.5879823078124999 0.5249325265625 0.584750384375 0.52667589375 0.580226153125 0.52812918125 0.580485 0.5297759515625 0.57945076875 0.53151931875
3 0.6241384609375 0.57319694375 0.6202603843750001 0.572906575 0.6189676921875 0.5787185703125 0.6268803843749999 0.5808820640625 0.6241384609375 0.57319694375
3 0.6427292312499999 0.592001153125 0.655678846875 0.5959610734375 0.659168846875 0.596348615625 0.6620126921875 0.5922799890625 0.66602 0.587630334375 0.662529615625 0.58433679375 0.65645423125 0.5828837953125 0.653481153125 0.5809466546875 0.64831076875 0.5847243375 0.6427292312499999 0.592001153125
3 0.66524423125 0.6147534609374999 0.6671830765625 0.6123318921875 0.6689930765625001 0.6113630328124999 0.6710611531249999 0.6111692625 0.672224615625 0.6111692625 0.673905 0.6111692625 0.6788815390625 0.6105882359375 0.681014615625 0.6097162625 0.68166076875 0.60729469375 0.67842923125 0.603032584375 0.6733880765625 0.597026528125 0.6706734609375 0.5958641874999999 0.6655026921875 0.598479815625 0.6627880765625 0.6011920421875 0.6583930765625 0.603613609375 0.65529076875 0.6039042671875 0.6560665390625 0.606810265625 0.6581346156250001 0.6089414640624999 0.659039615625 0.6115568046875001 0.661366153125 0.613397346875 0.66421 0.6148503453124999 0.66524423125 0.6147534609374999
3 0.64856923125 0.581060265625 0.64831076875 0.58474135 0.6536103843750001 0.58154469375 0.6569715390625 0.580672721875 0.659039615625 0.5769919265625 0.6550323078125 0.575635525 0.651154615625 0.577185409375 0.64856923125 0.581060265625
3 0.6624003843749999 0.5838693765625 0.666666153125 0.5870660328125 0.6710611531249999 0.5835787203125 0.6651215390624999 0.579246828125 0.6624003843749999 0.5838693765625
3 0.6645980765624999 0.5781542671875 0.66602 0.579994809375 0.670065 0.5821903109375001 0.674809615625 0.5814478078125 0.6736465390624999 0.5735046140625 0.67287076875 0.5703079578125 0.6726123078125 0.569532871875 0.66963923125 0.5707920984375 0.668605 0.5722453859375001 0.6669246156249999 0.5733108421875001 0.66589076875 0.5743762968749999 0.6653734609375 0.57602306875 0.6645980765624999 0.5781542671875
3 0.674551153125 0.53496799375 0.673905 0.53632410625 0.6750684609375 0.538745675 0.6788169234375 0.54184544375 0.6835873078125 0.5431646484375 0.685538846875 0.540295559375 0.685538846875 0.5364209921875001 0.685538846875 0.5338053640625 0.685538846875 0.5320617078125001 0.6829534609375 0.5309962515625 0.6803680765625 0.5304149359375 0.67842923125 0.53002768125 0.674809615625 0.5306087078124999 0.6751976921875 0.533321221875 0.674551153125 0.53496799375
3 0.7020880765624999 0.47729613593750003 0.7022265390625 0.476 0.7029184609375 0.4742889265625 0.7043019234375001 0.472733853125 0.703195 0.46962312500000003 0.7008430765625 0.46786043906249997 0.6979373078125 0.46578662031249995 0.69212576875 0.46246857031250005 0.69184923125 0.46246857031250005 0.6894969234375 0.465579296875 0.687628846875 0.4683788921875 0.6864526921875 0.472318915625 0.685761153125 0.47511851250000003 0.6846542312499999 0.4782292390625 0.6852076921875 0.48051038124999995 0.6885284609375 0.482998846875 0.691018846875 0.4850726640625 0.6924026921875 0.4857984421875 0.6979373078125 0.49316032343750005 0.69890576875 0.49087918124999996 0.70195 0.490257209375 0.7045788468749999 0.488183390625 0.7063776921875 0.48569492500000006 0.70610076875 0.48341378281249997 0.704993846875 0.4814434828125 0.703610384375 0.4807177046875 0.7020880765624999 0.4790588234375 0.7020880765624999 0.47729613593750003
3 0.643006153125 0.48051038124999995 0.6495092312499999 0.47148933125000003 0.637674615625 0.46649509843750003 0.632075 0.47563696718750004 0.643006153125 0.48051038124999995
3 0.6166619234375 0.487007209375 0.613551153125 0.484748846875 0.6110234609375 0.48256314843750003 0.6073292312499999 0.48023212187500003 0.604121153125 0.48023212187500003 0.5979969234375 0.480814878125 0.59265 0.48190772812500005 0.5925526921875 0.484748846875 0.5936223078125 0.48642445156249997 0.60052423125 0.4928350640625 0.6083015390625001 0.498590253125 0.6157869234375 0.4988088234375 0.6129676921875 0.497424740625 0.617731153125 0.4959677046875 0.621425384375 0.4947292390625 0.623175384375 0.4934178203125 0.62385576875 0.491013840625 0.62298076875 0.48926557031250006 0.6211338468750001 0.48897404843750003 0.6187034609375 0.48926557031250006 0.6166619234375 0.487007209375
3 0.626188846875 0.483364475 0.6262861531249999 0.481179065625 0.6201615390625 0.474768165625 0.6162730765625 0.47411245625 0.6112180765625 0.47454959687500003 0.6085930765625001 0.4735297 0.6110234609375 0.4835830453125 0.6258973078125 0.48416609062499993 0.626188846875 0.483364475
3 0.577785 0.48904440625 0.5752573078125 0.49013725468749997 0.5738965390625 0.4913757203125 0.57379923125 0.49210438281249996 0.5744796156249999 0.49428979218749997 0.57292423125 0.49567387500000004 0.5721284609375 0.49614129218749997 0.5693273078125001 0.499170703125 0.5707853843749999 0.5006277390625 0.579534615625 0.4997534609375 0.582353846875 0.4977866203125 0.582159615625 0.49611101562500004 0.58147923125 0.49348846562500004 0.581284615625 0.49173990781250004 0.5807984609375 0.48991868437499997 0.5798265390624999 0.48911735937499995 0.577785 0.48904440625
3 0.5801180765625 0.46740801562499995 0.5790488468749999 0.469083621875 0.5789515390625 0.47024913437500004 0.583034615625 0.47156055312499995 0.5851730765625 0.47250749687500004 0.587895 0.474183103125 0.593144615625 0.4754942328125 0.595575 0.46886505156249997 0.589645 0.4663151671875 0.587214615625 0.4628183390625 0.58595076875 0.4601228375 0.585853846875 0.45844723125 0.5801180765625 0.4577188578125 0.57972923125 0.46041435937499997 0.57793076875 0.46420242187499994 0.5774930765625 0.46616955000000004 0.5801180765625 0.46740801562499995
3 0.620620384375 0.465158015625 0.6339384609375001 0.4722243375 0.63792423125 0.4663235296875 0.6391880765625 0.46654209843750005 0.64054923125 0.46537658593750003 0.6457015390625 0.46224394531249996 0.64472923125 0.46107843125 0.6404519234375 0.4580184546875 0.637243846875 0.456634371875 0.631605384375 0.45430305625 0.620620384375 0.465158015625
3 0.6183842312500001 0.4639922140625 0.6205230765625 0.465158015625 0.6290780765624999 0.45656141874999995 0.6234396156249999 0.44679959687500004 0.6193565390625 0.4473096890625 0.61624576875 0.44927652812499996 0.61245423125 0.45146193749999997 0.610996153125 0.45219060000000005 0.612648846875 0.45393887031249996 0.6130376921875 0.4565250859375 0.6134265390625 0.4593662046875 0.61420423125 0.461005478125 0.6183842312500001 0.4639922140625
3 0.6234315390625 0.44160207656250006 0.6221676921875 0.439999134375 0.6202234609375 0.4332240484375 0.6055130765625 0.43793454374999996 0.6054469234375001 0.4402906578125 0.606030384375 0.4415291234375 0.6053499999999999 0.4427675890625 0.6092384609375 0.4491784890625 0.612543846875 0.44895991874999996 0.61497423125 0.4478670703125 0.6162376921875 0.446555940625 0.6217788468750001 0.444516146875 0.6233346156249999 0.44335034531249995 0.6234315390625 0.44160207656250006
3 0.625514615625 0.420766725 0.624431153125 0.4245715109375 0.6311530765625 0.4253564015625 0.641068846875 0.42440917031250003 0.6421384609375 0.41981978125 0.6453465390625001 0.411806228125 0.6389303843749999 0.41042185625 0.6350415390624999 0.411733275 0.6326111531249999 0.4126075546875 0.625514615625 0.41268021875 0.6249315390625 0.41624999999999995 0.625514615625 0.420766725
3 0.67071923125 0.4274688578125 0.6618726921875 0.431257209375 0.655845384375 0.43657525937499997 0.6615249999999999 0.4422794125 0.6775242312499999 0.43839648281250004 0.6800519234375 0.43526412968750006 0.67071923125 0.4274688578125
3 0.6039130765625 0.4098151671875 0.5998930765625 0.41127306875 0.59535423125 0.41273068124999995 0.600930384375 0.416715109375 0.604691153125 0.42021366718750003 0.60482076875 0.42254584843750004 0.6093596156250001 0.422643021875 0.619475 0.4163264125 0.6183076921875 0.41331372499999997 0.6148065390624999 0.409232121875 0.6122126921875 0.40602508593750003 0.6078034609375 0.40699682812500004 0.6053396156249999 0.40826038125 0.6039130765625 0.4098151671875
3 0.57253 0.4186585921875 0.59729923125 0.41516003437500004 0.6067661531249999 0.4220599765625 0.61908576875 0.41603489062500004 0.6122126921875 0.40612226093750003 0.5979476921875 0.41107843125 0.5956134609375 0.4034985578125 0.564360384375 0.41078690937499995 0.5633226921875 0.4138967703125 0.566953846875 0.41438264062499996 0.57253 0.4186585921875
3 0.578764615625 0.596007496875 0.573424615625 0.5965594000000001 0.578580384375 0.6056666671875 0.59239076875 0.6052528828125 0.5936796156249999 0.6024930796875 0.578764615625 0.596007496875
3 0.5780280765625 0.6161539796875 0.5811584609375 0.608564590625 0.577843846875 0.6060807375 0.5772915390625 0.605390715625 0.5675323078125001 0.6125663203125 0.5666115390625001 0.6156020765625 0.5626526921874999 0.61863754375 0.5677165390625001 0.6285729531250001 0.5761865390625001 0.6247090546875 0.5846569234375 0.622225490625 0.5835523078125 0.620293540625 0.5780280765625 0.6161539796875
0 0.5503076921875001 0.5941952140625 0.549671153125 0.5964336796875 0.5516965390624999 0.5987794125 0.5548269234375 0.59353575625 0.5544584609375 0.591051903125 0.5544584609375 0.587878315625 0.5516965390624999 0.5873264125000001 0.549855 0.588016146875 0.5461723078125 0.5907759515625 0.5441469234375 0.59256978125 0.5503076921875001 0.5941952140625
0 0.5822630765625 0.5964336796875 0.5879715390625 0.5980893890625001 0.5953369234375 0.6008491921875 0.5933115390625 0.6051268750000001 0.5942319234375 0.6078866781250001 0.59681 0.607334775 0.5993876921875 0.606782584375 0.6010449999999999 0.6077485578124999 0.6049119234375 0.610094290625 0.605096153125 0.6084385812499999 0.6085946156250001 0.606782584375 0.6115407687500001 0.6019529984374999 0.6115407687500001 0.601677046875 0.6133823078125 0.5951917531250001 0.6065692312500001 0.5927079015625 0.6036230765624999 0.5921559984375 0.599756153125 0.592983853125 0.5907334609375 0.594225778125 0.58594576875 0.5922938296875 0.578948846875 0.5882920984375 0.5774757687500001 0.5863604390625 0.571859615625 0.5844284890625 0.5673480765625001 0.58525634375 0.5633892312500001 0.5876023640625 0.5609034609375 0.591880046875 0.5572207687499999 0.5971234140624999 0.55096 0.5990553640625 0.5535380765625 0.603746828125 0.5594303843749999 0.60305709375 0.56071923125 0.6070585359375 0.5726880765625 0.6078866781250001 0.578580384375 0.60623068125 0.57563423125 0.6014010953125 0.5730565390625 0.5961574390625 0.574345384375 0.593121684375 0.5750819234375 0.5949158015625 0.5800534609375 0.5954677046875 0.5822630765625 0.5964336796875
0 0.5950019234374999 0.58703171875 0.6077161531249999 0.5883310265625 0.6019369234374999 0.57447260625 0.593846153125 0.5757719140625001 0.59124576875 0.5788033453125 0.59558 0.5803192046875 0.5950019234374999 0.58703171875
0 0.609738846875 0.581185409375 0.6195634609375 0.5772874859375 0.615228846875 0.5727401953125 0.6019369234374999 0.5742560546875 0.6056934609375 0.5820513265625 0.609738846875 0.581185409375
0 0.6091380765625 0.5817834484375 0.6100276921875001 0.5926617640625 0.6282319234375 0.5930948671875 0.6253423078125 0.589630334375 0.6293880765625001 0.58898068125 0.630543846875 0.5863823531250001 0.6311215390625 0.584433390625 0.630254615625 0.5831340828125 0.621875 0.58075230625 0.616673846875 0.577070934375 0.6091380765625 0.5817834484375
0 0.6325665390624999 0.5857326984375 0.6308326921875 0.58703171875 0.628521153125 0.58919723125 0.6290988468750001 0.5913627453125 0.6406573078125 0.5937445218749999 0.6461915390625 0.5851952140625001 0.6366119234375 0.5883310265625 0.6325665390624999 0.5857326984375
0 0.6380565390624999 0.600024221875 0.6475923078125 0.6060873703125 0.6533711531249999 0.6058708187499999 0.6565926921874999 0.5961606109375001 0.64268 0.5946107265625 0.639790384375 0.596992503125 0.6380565390624999 0.600024221875
0 0.47046153906250004 0.58898068125 0.47046153906250004 0.5855161468750001 0.45948115312500004 0.5824844296875 0.4519684609375 0.584433390625 0.4589034609375 0.5920121109375 0.47046153906250004 0.58898068125
0 0.48288692343750006 0.5606141874999999 0.48577653906249996 0.5640787203125 0.4869323078125 0.568626009375 0.4914765390625 0.5657006921875001 0.498779615625 0.5606141874999999 0.5005130765625 0.559314878125 0.501091153125 0.5564997109375 0.49964615312499994 0.5532517296874999 0.4954565390625 0.5495706453125 0.49126653906250006 0.548704440625 0.48837692343750005 0.550653403125 0.484620384375 0.5552006921875 0.48288692343750006 0.5606141874999999
0 0.58969423125 0.5685247984374999 0.5922319234375 0.57540023125 0.6021876921875 0.5733520765625 0.604725384375 0.5721819499999999 0.5990642312500001 0.5596012109374999 0.600821153125 0.5563829296875 0.5988692312499999 0.5540423875 0.5976980765625 0.552286909375 0.595355384375 0.5503852359375 0.5873519234375 0.552579584375 0.589108846875 0.5473131484375 0.576810384375 0.5458503453125 0.57563923125 0.547605825 0.5713446156249999 0.5581384078125 0.5740776921874999 0.558723471875 0.590084615625 0.5544812578125 0.5932080765625 0.5550663203124999 0.5965265390625001 0.56311216875 0.5916465390625001 0.567793253125 0.58969423125 0.5685247984374999
0 0.6690873078124999 0.5278630328125 0.665768846875 0.51733045 0.6606934609375 0.5157214531250001 0.656984615625 0.522011821875 0.6560084609375 0.5247912343750001 0.6552276921875 0.5278630328125 0.6558134609375 0.5304962515625 0.65757 0.5323979234375 0.6601076921875 0.534007209375 0.6649880765625 0.534007209375 0.6669400000000001 0.5323979234375 0.6690873078124999 0.5278630328125
0 0.6560084609375 0.5037260671875 0.6614742312499999 0.49377854687499995 0.6458576921875 0.4866104390625 0.638244615625 0.49597289531250005 0.6495665390625 0.5024094578125 0.6560084609375 0.5037260671875
3 0.6835330765625 0.4933396765625 0.6925665390625 0.485609284375 0.685680384375 0.481636678125 0.680409615625 0.481636678125 0.6745534609375 0.4888047859375 0.6835330765625 0.4933396765625
0 0.551596153125 0.499766725 0.537550384375 0.49704728906250006 0.5398926921875 0.5068486156249999 0.5455538468750001 0.5084576125 0.55199576875 0.5011433109375 0.551596153125 0.499766725
0 0.5720173078124999 0.5134302187500001 0.568978846875 0.5055320062499999 0.5726876921875 0.5040692046874999 0.564879615625 0.5030449828125 0.561170384375 0.5062632640625 0.5541430765625 0.51167589375 0.5557046156250001 0.51474798125 0.560975384375 0.5137240484375 0.565855384375 0.5122612453125 0.5720173078124999 0.5134302187500001
0 0.583619615625 0.49777883437500003 0.579715384375 0.4995343140625 0.5789346156249999 0.50202105 0.5724926921875 0.503922721875 0.57015 0.5056782 0.570540384375 0.5084576125 0.5719069234374999 0.5124074390625 0.5730780765625 0.5141629187500001 0.573858846875 0.51752739375 0.569759615625 0.52059948125 0.5693692312499999 0.522062284375 0.5728830765625 0.526962803125 0.57464 0.5290839093749999 0.5771776921875 0.531717128125 0.57952 0.5305470015625 0.579715384375 0.5282061703125 0.58010576875 0.5273287203125 0.5891442312499999 0.5233076703124999 0.58322923125 0.5176735875 0.5873284609375 0.5167228953125 0.5902565390625 0.5093353515625 0.5965030765625 0.5050931375000001 0.598455384375 0.5015821796875 0.5963080765625 0.490903403125 0.5902565390625 0.490903403125 0.58342423125 0.490757209375 0.580691153125 0.491488465625 0.583619615625 0.49777883437500003
0 0.6152434609374999 0.5394703 0.6105584609375 0.5375686281250001 0.611924615625 0.5359593421875 0.6123149999999999 0.5327410609375 0.6136815390625 0.53010813125 0.61212 0.5293765859375 0.6107534609374999 0.5282061703125 0.607825384375 0.525865628125 0.59462036875 0.5294509374999999 0.593575 0.5312782578124999 0.5949415390625 0.5336188 0.59728423125 0.534935409375 0.597674615625 0.5355204734375001 0.597088846875 0.5377148218750001 0.5990411531250001 0.5393241062499999 0.6050923078125 0.5416646484375 0.6060684609375 0.5432736453125 0.6099726921874999 0.544151384375 0.61212 0.5437125140625 0.61621923125 0.540786909375 0.6152434609374999 0.5394703
0 0.5959176921875 0.521916090625 0.599236153125 0.52688985 0.607044615625 0.525865628125 0.6109488468750001 0.5245490203125 0.6117296156250001 0.51811245625 0.6097773078125 0.5166496546875 0.607239615625 0.5163572671875001 0.602554615625 0.5170885234375 0.6004073078125 0.5172347171875 0.5959176921875 0.5184051328125 0.5957223078125 0.5201606109375 0.5959176921875 0.521916090625
0 0.6230515390625 0.5093353515625 0.6238323078125 0.5078725484375 0.625979615625 0.5059708765625001 0.625784615625 0.503630334375 0.6238323078125 0.5007044406250001 0.6225634609374999 0.5005582468750001 0.61739076875 0.4995343140625 0.614755384375 0.49909544375000003 0.6088015390625 0.49851038125 0.607825384375 0.49894925 0.6041165390625001 0.5014359859375 0.60353076875 0.50216753125 0.6006026921875 0.5027525953125 0.5994315390625 0.5031914640624999 0.5990411531250001 0.503922721875 0.59826 0.5050931375000001 0.5961126921875 0.506555940625 0.593184615625 0.508384659375 0.5904519234375 0.509774221875 0.588304615625 0.5154795265625001 0.5950730765625 0.5168872546875 0.5959176921875 0.5167961359375 0.5986503843750001 0.5167961359375 0.6048973078125 0.516064590625 0.6082157687499999 0.515918396875 0.6107534609374999 0.515918396875 0.6152434609374999 0.5150406578125 0.6181715390625 0.5140164359375 0.621099615625 0.5124074390625 0.6230515390625 0.5093353515625
0 0.466994615625 0.4854576125 0.465175 0.48579873124999995 0.46358269218750003 0.4904008078125 0.46085307656249996 0.49943483281249995 0.4626726921875 0.500286909375 0.47268076875 0.49994607812499997 0.478595 0.49585524843749995 0.479049615625 0.487503171875 0.47404576875000004 0.484435121875 0.466994615625 0.4854576125
0 0.392674615625 0.4807906578125 0.396014615625 0.4796931953125 0.39753923125 0.47583708125 0.3967769234375 0.47198096874999995 0.3954430765625 0.47026730156249996 0.396205384375 0.4675536328125 0.3933465390625 0.46855334531250004 0.39144076875 0.472123703125 0.39125038437500004 0.47597981562499997 0.392674615625 0.4807906578125
0 0.588726153125 0.4278307375 0.575409615625 0.4307197234375 0.57628576875 0.43387081875 0.59188 0.43754757812499995 0.5934573078125001 0.43413350624999997 0.588726153125 0.4278307375
0 0.578913846875 0.4292750859375 0.5906534609375 0.42559861562499995 0.59223076875 0.4238915796875 0.5929315390625 0.421134371875 0.592581153125 0.41890196093750004 0.5939826921875 0.4161447515625 0.57646076875 0.418376875 0.57576 0.42021510937500006 0.576811153125 0.4225787203125 0.5769865390625 0.426386390625 0.578913846875 0.4292750859375
0 0.6199153843749999 0.4173264125 0.61518423125 0.4207401953125 0.616761153125 0.4219221453125 0.6206161531250001 0.42336649375 0.623419615625 0.42297260625 0.6253469234375 0.41969002343749995 0.6246461531249999 0.41575057656250003 0.6181026921874999 0.41260611249999996 0.6199153843749999 0.4173264125
0 0.663731153125 0.430344290625 0.6681115390625 0.42758679375 0.6714407687499999 0.42758679375 0.6728423078125 0.4260112453125 0.675295384375 0.425617359375 0.679676153125 0.4287687421875 0.68212923125 0.4285060546875 0.6854580765625 0.42679902031249994 0.6891376921875 0.42430420937499996 0.6886123078125 0.42115282656249997 0.68686 0.41695097968750006 0.678975 0.4155066328125 0.67477 0.413405709375 0.6656584609375 0.41878921562500004 0.66232923125 0.41603200625000003 0.6537434609375 0.4219406 0.6444569234374999 0.41957727812499995 0.642529615625 0.42115282656249997 0.6406023078125 0.424041521875 0.63814923125 0.4258797578125 0.6369226921875 0.4283745671875 0.6372730765625 0.430606978125 0.6511153843749999 0.433626875 0.655145384375 0.4265363328125 0.659876153125 0.43086937656249996 0.663731153125 0.430344290625
0 0.7252634609374999 0.4281562859375 0.723325 0.429505478125 0.7226326921874999 0.430024221875 0.7216630765625001 0.43230738124999996 0.72097076875 0.436147059375 0.73028923125 0.431834775 0.731910384375 0.43189215625 0.734264615625 0.43064705937500003 0.7345415390625 0.42877912343749996 0.733433846875 0.4269111875 0.73066423125 0.42400547812499995 0.730248846875 0.4259772203125 0.7294180765625 0.42659976874999994 0.7263715390625001 0.42763754374999996 0.7252634609374999 0.4281562859375
3 0.6745807687500001 0.44818454374999994 0.6738880765624999 0.452024221875 0.676934615625 0.457316609375 0.6821969234374999 0.46011851249999997 0.69382923125 0.45492993125 0.69382923125 0.45534486718749995 0.6939676921875 0.45441089999999995 0.6925826921875 0.45140167187499997 0.691890384375 0.44776960781249997 0.6899515390625 0.4447600921875 0.6838584609375 0.44610899687499994 0.68095076875 0.446835640625 0.6785965390625 0.4475619953125 0.6745807687500001 0.44818454374999994
0 0.6310276921875 0.380090253125 0.629029615625 0.3806519609375 0.6244084609375 0.3828044984375 0.622285 0.3851444640625 0.6199123078125 0.3872032875 0.617913846875 0.3881392734375 0.61753923125 0.3893561125 0.618163846875 0.391227796875 0.61741423125 0.3924446359375 0.616415 0.392725490625 0.6137923078124999 0.3931934828125 0.6125434609375 0.39572029999999997 0.615166153125 0.39843454375 0.6194126921875001 0.39997895 0.6246580765624999 0.40068079531249995 0.628155 0.39899625156249996 0.628654615625 0.398621684375 0.6314023078125001 0.3977794125 0.6324015390625 0.39721799375 0.63527423125 0.3942228953125 0.6361484609375 0.39291262968749996 0.6373973078125 0.3917895046875 0.6321519234374999 0.38776499375 0.63327576875 0.3843956171875 0.6362730765625 0.3860801609375 0.635773846875 0.3897303921875 0.6377719234375 0.39076009218749996 0.639520384375 0.38842012656249997 0.6406446156250001 0.38467647031249996 0.640394615625 0.3827110734375 0.63914576875 0.3817750859375 0.6340250000000001 0.379715975 0.6310276921875 0.380090253125
0 0.5991799999999999 0.410882353125 0.6140423078125 0.40536043906249997 0.60967923125 0.40091291875 0.61179423125 0.399744809375 0.6124184609375 0.39469088750000003 0.6131680765625 0.39076009218749996 0.60992076875 0.3872032875 0.6080473078125 0.3871098609375 0.5941842312500001 0.3878587078125 0.594683846875 0.396001153125 0.5956826921875 0.40292704687500003 0.5991799999999999 0.410882353125
0 0.5477630765625 0.4084008078125 0.5481376921875001 0.4108341984375 0.550011153125 0.4119573234375 0.551385 0.41345472968749997 0.5537580765625 0.41382929687500003 0.562001153125 0.41364215625 0.563375 0.41092791249999994 0.5666219234375001 0.4091496546875 0.5669969234375001 0.40381487812500005 0.5633123078125 0.397450403125 0.5605023078125 0.3967015578125 0.5598776921875 0.3940810265625 0.5525015390625 0.3934348328125 0.5543826921874999 0.3949232984375 0.5545073078125 0.39660813125 0.5536330765625 0.3982926765625 0.5520096156250001 0.40007093437499996 0.551759615625 0.40297231875 0.54663923125 0.40381487812500005 0.545515 0.40521857031249997 0.5472634609375 0.407464821875 0.5477630765625 0.4084008078125
0 0.42555076875 0.3763278546875 0.42567576875 0.3779189734375 0.42567576875 0.3797909453125 0.42567576875 0.38166291874999997 0.426674615625 0.3831603234375 0.43341923125 0.38381545625 0.4354173078125 0.384189734375 0.4404130765625 0.38278604375 0.442911153125 0.381475490625 0.44478423125 0.3725841984375 0.4407876921875 0.3701040953125 0.438789615625 0.36968281406250003 0.436666153125 0.3695893890625 0.4295473078125 0.369869953125 0.42892307656249995 0.37005738125 0.427798846875 0.3712739328125 0.42692461562500006 0.37267791250000004 0.42555076875 0.3740818921875 0.42555076875 0.3763278546875
0 0.4633934609375 0.3855937140625 0.4638930765625 0.3845643015625 0.46689038437499997 0.38278604375 0.4702626921875 0.38128835 0.4706373078125 0.37932295312500003 0.4703876921875 0.37754469375 0.46701538437499995 0.37389446406250004 0.4651419234375 0.37305219218749996 0.46214461562500003 0.370805940625 0.4588973078125 0.3728650515625 0.45852269218749997 0.3741753171875 0.45839769218750004 0.376140715625 0.45614961562499995 0.376140715625 0.4529023078125 0.37717041562500003 0.44378538437500004 0.38175634375 0.4404130765625 0.383628315625 0.44977999999999996 0.39055420937499996 0.45102923125 0.3928004609375 0.45202807656250005 0.393174740625 0.45390153906249997 0.39261303281250004 0.457273846875 0.39149019531249996 0.4592719234375 0.39046049531250004 0.4633934609375 0.3875591125 0.4633934609375 0.3855937140625
0 0.47238576875 0.3723036328125 0.47163653906249997 0.3737073234375 0.46926346093750004 0.3740818921875 0.46926346093750004 0.37539215625 0.4700126921875 0.3768895609375 0.471886153125 0.378293540625 0.4766323078125 0.37997808593750004 0.478755384375 0.38138206406249997 0.48253923125 0.38374509843750004 0.4886219234375 0.383628315625 0.4951165390625 0.3749241640625 0.49012076875000005 0.3721162046875 0.4868734609375 0.37089965468749997 0.48400076875 0.37005738125 0.48012923125 0.368653403125 0.47625769218749997 0.367717415625 0.47301038437500004 0.3685596890625 0.47251076875000003 0.369776528125 0.47238576875 0.3723036328125
0 0.49889961562499996 0.4416744515625 0.4921334609375 0.4416744515625 0.5009938468749999 0.4515738171875 0.5073273078125 0.44798673593749994 0.505504615625 0.446261821875 0.5001884609375 0.4416744515625 0.49889961562499996 0.4416744515625
0 0.523869615625 0.40630276875 0.524675 0.409079296875 0.5266080765625001 0.40606141874999996 0.5322465390625 0.40642358749999996 0.544293846875 0.40818137187500003 0.54014 0.40545761249999995 0.53804576875 0.404733275 0.5361126921875 0.4042505765625 0.5340184609375 0.4036467703125 0.52821923125 0.40050807343750006 0.5251580765625 0.40038725468749997 0.524836153125 0.40147375937499996 0.524836153125 0.40382785468750004 0.523869615625 0.40630276875
3 0.534823846875 0.40714792343750006 0.5314411531250001 0.40956228437500003 0.5322465390625 0.41583996562500003 0.5480992312499999 0.41089849999999994 0.534823846875 0.40714792343750006
3 0.5212684609375 0.3924561703125 0.515680384375 0.3935420984375 0.5158873078124999 0.4002110734375 0.527413846875 0.399757496875 0.527891153125 0.3988151671875 0.525614615625 0.39555824687499996 0.5212684609375 0.3924561703125